[DISPLAY]
VER=244
TYPE=1
DATALEN=2
XPARAM=0
YPARAM=1
XRANGE=199999
YRANGE=0
NAME=D:\UCN2009\main-run327.csv
XTITLE=x
YTITLE=y

[DATA]
115 0 1
118 0 1
119 0 2
120 0 2
121 0 2
125 0 2
127 0 5
128 0 2
129 0 1
130 0 3
131 0 2
132 0 4
133 0 4
134 0 3
135 0 4
136 0 2
137 0 2
138 0 1
139 0 1
140 0 1
141 0 2
142 0 4
143 0 2
144 0 2
145 0 2
146 0 2
147 0 1
149 0 1
150 0 1
151 0 1
152 0 1
153 0 2
154 0 2
155 0 3
156 0 2
157 0 1
158 0 1
159 0 2
160 0 1
161 0 4
162 0 2
163 0 3
164 0 3
165 0 3
167 0 1
169 0 2
170 0 1
172 0 4
173 0 2
174 0 1
175 0 1
176 0 2
177 0 2
178 0 2
183 0 4
184 0 2
185 0 3
186 0 1
187 0 3
188 0 2
189 0 1
190 0 1
192 0 2
194 0 1
195 0 1
196 0 2
197 0 2
198 0 3
199 0 3
200 0 4
201 0 1
202 0 1
203 0 1
204 0 2
205 0 3
206 0 6
207 0 1
210 0 1
211 0 4
213 0 3
214 0 5
215 0 4
216 0 3
219 0 5
221 0 2
222 0 1
223 0 1
225 0 2
226 0 2
227 0 1
228 0 2
229 0 4
230 0 1
231 0 1
232 0 5
233 0 4
234 0 1
235 0 2
236 0 2
237 0 3
238 0 4
240 0 2
241 0 3
242 0 4
243 0 2
245 0 4
246 0 2
247 0 5
248 0 2
249 0 2
250 0 5
251 0 2
252 0 1
254 0 1
255 0 4
256 0 4
257 0 1
258 0 1
259 0 1
261 0 1
263 0 2
264 0 7
265 0 1
266 0 5
267 0 1
268 0 3
269 0 3
270 0 3
271 0 2
272 0 2
273 0 2
274 0 2
275 0 2
276 0 1
277 0 1
278 0 3
279 0 2
280 0 2
281 0 3
282 0 3
283 0 3
284 0 2
285 0 3
286 0 1
287 0 2
288 0 1
289 0 2
290 0 1
291 0 3
292 0 3
293 0 1
295 0 1
296 0 2
297 0 5
298 0 2
299 0 1
300 0 1
301 0 4
303 0 2
304 0 1
305 0 1
306 0 1
307 0 3
308 0 1
309 0 1
311 0 3
312 0 5
314 0 1
315 0 1
318 0 4
320 0 2
321 0 1
322 0 1
323 0 1
325 0 4
327 0 2
328 0 1
329 0 1
330 0 1
331 0 1
334 0 1
335 0 2
338 0 2
341 0 3
343 0 1
344 0 1
345 0 1
346 0 1
348 0 1
349 0 1
358 0 1
360 0 2
363 0 1
364 0 1
369 0 1
370 0 1
371 0 1
373 0 1
375 0 1
379 0 1
380 0 1
382 0 1
386 0 1
387 0 1
392 0 2
394 0 1
404 0 1
406 0 3
407 0 1
412 0 1
414 0 1
417 0 1
422 0 1
430 0 1
431 0 1
435 0 1
440 0 1
447 0 1
449 0 1
458 0 1
459 0 1
466 0 2
468 0 1
471 0 1
483 0 1
489 0 1
506 0 1
558 0 1
597 0 5
600 0 1
601 0 4
602 0 1
603 0 1
605 0 1
606 0 2
608 0 1
611 0 1
612 0 2
614 0 1
616 0 1
621 0 1
622 0 1
623 0 1
624 0 2
636 0 2
638 0 1
641 0 1
647 0 1
649 0 1
651 0 1
671 0 1
683 0 1
770 0 1
823 0 1
926 0 2
947 0 1
948 0 1
949 0 2
952 0 1
955 0 3
956 0 2
957 0 2
959 0 1
961 0 1
962 0 1
964 0 1
965 0 2
966 0 2
968 0 3
970 0 3
971 0 2
972 0 1
974 0 1
975 0 2
977 0 1
978 0 2
979 0 1
980 0 2
981 0 4
984 0 2
985 0 1
986 0 3
988 0 2
990 0 3
991 0 1
992 0 4
993 0 2
994 0 4
995 0 4
996 0 1
997 0 2
998 0 2
999 0 4
1000 0 2
1002 0 2
1004 0 1
1005 0 2
1006 0 2
1007 0 2
1009 0 2
1010 0 2
1011 0 1
1012 0 3
1013 0 1
1014 0 1
1015 0 3
1017 0 4
1019 0 1
1020 0 3
1021 0 2
1022 0 2
1023 0 8
1025 0 3
1026 0 2
1027 0 3
1028 0 3
1029 0 1
1030 0 1
1031 0 1
1033 0 1
1034 0 1
1035 0 3
1036 0 3
1037 0 3
1038 0 2
1039 0 1
1041 0 4
1042 0 2
1043 0 3
1044 0 5
1045 0 2
1046 0 1
1048 0 2
1049 0 3
1050 0 3
1051 0 2
1052 0 3
1053 0 2
1054 0 2
1056 0 1
1057 0 2
1058 0 2
1059 0 1
1060 0 2
1061 0 3
1062 0 1
1063 0 2
1064 0 2
1065 0 3
1067 0 1
1068 0 3
1069 0 4
1070 0 4
1072 0 4
1073 0 3
1074 0 2
1076 0 1
1077 0 2
1079 0 3
1081 0 2
1082 0 1
1083 0 2
1084 0 2
1086 0 1
1087 0 1
1088 0 2
1089 0 1
1090 0 4
1091 0 2
1092 0 2
1093 0 3
1094 0 1
1095 0 1
1096 0 1
1097 0 3
1098 0 3
1099 0 2
1100 0 1
1101 0 5
1102 0 1
1103 0 2
1104 0 2
1105 0 1
1106 0 2
1107 0 3
1108 0 1
1109 0 3
1110 0 1
1111 0 1
1113 0 3
1114 0 3
1115 0 2
1116 0 1
1118 0 2
1120 0 1
1121 0 1
1122 0 3
1123 0 3
1124 0 2
1125 0 2
1126 0 3
1127 0 2
1128 0 2
1129 0 3
1131 0 3
1132 0 5
1133 0 3
1134 0 2
1135 0 3
1136 0 2
1137 0 2
1138 0 1
1139 0 2
1140 0 2
1141 0 3
1142 0 1
1143 0 4
1145 0 1
1146 0 2
1147 0 3
1149 0 2
1150 0 5
1152 0 1
1153 0 2
1154 0 4
1155 0 1
1156 0 2
1157 0 1
1158 0 1
1162 0 1
1164 0 1
1166 0 3
1167 0 1
1168 0 4
1169 0 1
1174 0 2
1175 0 1
1181 0 1
1182 0 1
1183 0 1
1186 0 1
1187 0 1
1188 0 1
1189 0 1
1190 0 1
1192 0 1
1193 0 1
1194 0 1
1202 0 1
1203 0 2
1205 0 2
1207 0 2
1209 0 2
1210 0 1
1212 0 1
1217 0 1
1219 0 2
1230 0 1
1236 0 1
1243 0 1
1250 0 1
1254 0 1
1255 0 1
1256 0 1
1257 0 1
1259 0 1
1262 0 1
1268 0 1
1270 0 1
1272 0 1
1277 0 1
1279 0 1
1281 0 1
1288 0 1
1289 0 1
1290 0 1
1299 0 1
1301 0 1
1320 0 1
1351 0 1
1371 0 1
1417 0 1
1429 0 3
1430 0 3
1432 0 2
1433 0 2
1434 0 1
1435 0 2
1436 0 1
1437 0 2
1438 0 2
1439 0 2
1440 0 1
1441 0 2
1442 0 3
1447 0 3
1448 0 1
1451 0 1
1452 0 1
1459 0 2
1460 0 1
1461 0 1
1463 0 1
1466 0 1
1472 0 1
1480 0 1
1483 0 1
1484 0 1
1529 0 1
1600 0 1
1781 0 1
1782 0 1
1783 0 1
1784 0 1
1786 0 1
1787 0 1
1788 0 2
1789 0 2
1791 0 2
1794 0 1
1795 0 2
1796 0 1
1801 0 1
1802 0 6
1803 0 1
1804 0 2
1805 0 2
1808 0 3
1809 0 1
1811 0 1
1812 0 2
1813 0 1
1814 0 1
1815 0 5
1816 0 1
1817 0 4
1818 0 3
1819 0 1
1820 0 1
1821 0 2
1822 0 3
1823 0 2
1824 0 2
1825 0 3
1826 0 1
1827 0 2
1828 0 2
1829 0 4
1832 0 2
1833 0 2
1834 0 1
1835 0 2
1836 0 3
1837 0 1
1838 0 3
1839 0 1
1840 0 2
1841 0 2
1842 0 3
1843 0 3
1844 0 1
1845 0 2
1846 0 3
1847 0 2
1848 0 1
1849 0 3
1850 0 3
1851 0 3
1852 0 1
1853 0 3
1854 0 4
1855 0 1
1856 0 1
1857 0 1
1858 0 3
1859 0 2
1860 0 1
1861 0 2
1862 0 2
1863 0 4
1864 0 3
1865 0 5
1866 0 2
1867 0 2
1868 0 1
1869 0 6
1870 0 1
1871 0 2
1872 0 4
1873 0 1
1874 0 1
1876 0 2
1877 0 1
1878 0 4
1879 0 6
1880 0 1
1881 0 1
1882 0 2
1883 0 2
1884 0 1
1885 0 1
1886 0 2
1887 0 4
1888 0 4
1889 0 4
1891 0 3
1892 0 4
1893 0 2
1895 0 2
1896 0 1
1898 0 1
1900 0 1
1901 0 1
1903 0 5
1904 0 3
1905 0 2
1907 0 4
1908 0 2
1909 0 2
1911 0 2
1912 0 2
1913 0 1
1914 0 1
1915 0 1
1916 0 2
1917 0 2
1918 0 2
1919 0 5
1922 0 3
1923 0 4
1924 0 1
1925 0 2
1926 0 5
1928 0 2
1930 0 2
1931 0 3
1932 0 3
1934 0 2
1935 0 2
1936 0 5
1937 0 2
1939 0 4
1941 0 1
1942 0 7
1943 0 1
1944 0 4
1945 0 3
1946 0 6
1947 0 1
1948 0 3
1949 0 2
1950 0 3
1951 0 1
1952 0 5
1953 0 1
1954 0 5
1956 0 3
1957 0 2
1959 0 1
1960 0 3
1961 0 1
1962 0 2
1964 0 2
1965 0 1
1966 0 2
1967 0 3
1968 0 3
1970 0 4
1971 0 4
1972 0 2
1973 0 3
1974 0 1
1975 0 1
1976 0 2
1978 0 3
1979 0 1
1980 0 1
1981 0 2
1982 0 1
1984 0 1
1985 0 1
1990 0 1
1992 0 1
1994 0 2
1996 0 1
1998 0 2
2001 0 1
2002 0 2
2005 0 2
2006 0 1
2007 0 1
2009 0 2
2012 0 1
2013 0 2
2015 0 1
2016 0 3
2017 0 1
2019 0 1
2025 0 2
2026 0 1
2028 0 1
2029 0 2
2031 0 1
2033 0 1
2035 0 2
2036 0 1
2037 0 1
2039 0 2
2040 0 1
2043 0 1
2044 0 1
2050 0 1
2053 0 1
2061 0 1
2062 0 1
2065 0 1
2076 0 1
2079 0 1
2090 0 2
2092 0 1
2105 0 1
2114 0 1
2116 0 1
2122 0 1
2127 0 1
2130 0 1
2142 0 1
2160 0 1
2165 0 2
2261 0 1
2264 0 1
2265 0 2
2268 0 2
2269 0 1
2270 0 1
2271 0 3
2272 0 1
2273 0 3
2275 0 2
2278 0 1
2279 0 1
2282 0 1
2285 0 1
2292 0 1
2297 0 1
2302 0 1
2309 0 1
2333 0 1
2382 0 1
2590 0 1
2609 0 4
2612 0 2
2615 0 1
2616 0 1
2617 0 2
2618 0 2
2619 0 3
2621 0 3
2622 0 2
2624 0 1
2625 0 1
2626 0 3
2627 0 1
2630 0 1
2631 0 3
2632 0 3
2633 0 2
2634 0 2
2635 0 1
2636 0 2
2637 0 1
2638 0 1
2639 0 1
2640 0 1
2641 0 7
2642 0 4
2643 0 1
2644 0 1
2645 0 2
2646 0 3
2648 0 1
2649 0 2
2650 0 4
2651 0 2
2652 0 1
2653 0 1
2654 0 1
2655 0 4
2659 0 1
2660 0 1
2661 0 2
2662 0 1
2664 0 1
2665 0 2
2666 0 1
2667 0 1
2668 0 1
2669 0 2
2671 0 2
2672 0 1
2673 0 1
2674 0 2
2675 0 2
2676 0 1
2677 0 1
2678 0 4
2681 0 1
2683 0 3
2684 0 2
2685 0 4
2686 0 3
2687 0 3
2689 0 5
2690 0 1
2691 0 1
2692 0 1
2693 0 1
2694 0 1
2695 0 2
2696 0 2
2697 0 3
2698 0 3
2699 0 1
2700 0 3
2701 0 2
2702 0 1
2703 0 4
2704 0 3
2705 0 1
2706 0 2
2707 0 3
2708 0 1
2710 0 2
2712 0 3
2713 0 1
2714 0 3
2715 0 2
2716 0 1
2717 0 1
2719 0 1
2721 0 5
2723 0 5
2724 0 2
2725 0 4
2726 0 4
2727 0 1
2728 0 2
2729 0 2
2730 0 1
2731 0 2
2732 0 2
2733 0 3
2734 0 5
2735 0 1
2737 0 7
2738 0 7
2739 0 1
2740 0 2
2741 0 1
2742 0 2
2744 0 1
2745 0 1
2746 0 1
2747 0 4
2748 0 2
2749 0 4
2750 0 2
2751 0 3
2752 0 1
2753 0 2
2754 0 1
2755 0 1
2756 0 4
2757 0 3
2758 0 1
2759 0 2
2760 0 4
2761 0 2
2762 0 3
2763 0 2
2764 0 3
2765 0 3
2766 0 2
2767 0 2
2768 0 2
2769 0 2
2771 0 1
2773 0 3
2774 0 2
2775 0 3
2776 0 2
2777 0 2
2778 0 2
2779 0 1
2780 0 1
2781 0 1
2782 0 1
2783 0 1
2784 0 5
2786 0 3
2787 0 4
2788 0 2
2789 0 1
2790 0 2
2791 0 1
2792 0 2
2794 0 3
2795 0 4
2796 0 1
2798 0 5
2799 0 5
2800 0 4
2801 0 2
2802 0 3
2803 0 1
2804 0 3
2805 0 2
2807 0 1
2808 0 1
2809 0 2
2810 0 1
2811 0 1
2812 0 1
2813 0 1
2815 0 1
2816 0 4
2818 0 2
2819 0 2
2820 0 1
2821 0 1
2822 0 1
2823 0 1
2825 0 1
2826 0 1
2827 0 1
2828 0 1
2829 0 1
2830 0 1
2833 0 2
2834 0 1
2836 0 2
2837 0 3
2840 0 1
2841 0 1
2842 0 3
2845 0 3
2846 0 1
2847 0 1
2851 0 1
2859 0 2
2861 0 2
2863 0 1
2864 0 2
2867 0 1
2868 0 1
2870 0 1
2873 0 2
2875 0 2
2877 0 1
2878 0 1
2879 0 1
2885 0 1
2886 0 1
2888 0 1
2895 0 1
2896 0 3
2900 0 1
2905 0 1
2907 0 2
2923 0 1
2948 0 1
2959 0 1
2969 0 1
2985 0 1
2990 0 1
3025 0 1
3033 0 1
3081 0 1
3093 0 2
3098 0 2
3099 0 2
3100 0 3
3101 0 2
3102 0 2
3103 0 1
3106 0 2
3110 0 2
3111 0 2
3112 0 1
3119 0 1
3120 0 1
3122 0 1
3124 0 1
3134 0 1
3138 0 1
3140 0 1
3153 0 1
3157 0 1
3317 0 1
3445 0 1
3448 0 2
3449 0 1
3450 0 2
3454 0 2
3455 0 2
3456 0 2
3457 0 3
3461 0 1
3462 0 2
3463 0 3
3464 0 2
3465 0 1
3467 0 2
3468 0 1
3469 0 2
3470 0 1
3472 0 3
3473 0 2
3474 0 1
3476 0 1
3477 0 4
3478 0 2
3479 0 2
3481 0 1
3482 0 4
3483 0 2
3484 0 1
3485 0 3
3486 0 2
3487 0 2
3488 0 4
3489 0 2
3490 0 2
3491 0 2
3492 0 1
3493 0 2
3494 0 2
3495 0 1
3496 0 3
3497 0 1
3498 0 6
3499 0 3
3500 0 1
3502 0 4
3503 0 2
3505 0 2
3506 0 3
3507 0 1
3508 0 5
3509 0 4
3510 0 1
3511 0 1
3512 0 1
3513 0 2
3514 0 2
3515 0 1
3516 0 1
3517 0 1
3518 0 1
3519 0 1
3520 0 4
3521 0 4
3522 0 4
3524 0 2
3528 0 1
3530 0 2
3531 0 1
3532 0 2
3533 0 1
3534 0 2
3535 0 1
3536 0 2
3537 0 3
3539 0 4
3540 0 1
3541 0 1
3542 0 1
3543 0 1
3544 0 2
3545 0 2
3546 0 3
3547 0 3
3548 0 1
3549 0 3
3550 0 2
3551 0 2
3552 0 5
3553 0 4
3554 0 4
3555 0 2
3556 0 4
3558 0 1
3559 0 3
3560 0 1
3561 0 3
3562 0 2
3564 0 2
3565 0 4
3566 0 1
3567 0 6
3568 0 3
3569 0 7
3570 0 4
3571 0 3
3572 0 5
3573 0 1
3574 0 1
3575 0 2
3576 0 1
3577 0 2
3579 0 2
3580 0 2
3581 0 4
3582 0 4
3583 0 3
3584 0 2
3585 0 1
3586 0 4
3587 0 4
3588 0 2
3589 0 1
3590 0 1
3591 0 2
3592 0 2
3593 0 1
3594 0 1
3595 0 1
3597 0 3
3598 0 4
3599 0 3
3600 0 1
3601 0 2
3602 0 2
3603 0 1
3605 0 3
3606 0 1
3607 0 5
3608 0 3
3609 0 1
3610 0 2
3611 0 2
3612 0 2
3613 0 3
3614 0 2
3615 0 3
3616 0 2
3618 0 3
3620 0 5
3621 0 1
3622 0 4
3623 0 2
3624 0 3
3626 0 4
3629 0 1
3630 0 2
3631 0 2
3632 0 2
3633 0 1
3634 0 2
3635 0 3
3636 0 2
3637 0 3
3638 0 3
3639 0 3
3641 0 1
3642 0 2
3644 0 2
3647 0 3
3648 0 1
3649 0 1
3652 0 1
3655 0 1
3657 0 1
3660 0 1
3661 0 1
3662 0 1
3663 0 1
3665 0 2
3667 0 1
3669 0 1
3670 0 2
3671 0 1
3672 0 1
3674 0 1
3675 0 1
3677 0 1
3678 0 1
3679 0 1
3680 0 1
3681 0 2
3683 0 1
3684 0 1
3685 0 1
3690 0 1
3692 0 1
3696 0 1
3699 0 1
3701 0 1
3702 0 1
3704 0 1
3709 0 1
3710 0 2
3727 0 1
3731 0 1
3735 0 1
3739 0 1
3746 0 1
3756 0 1
3763 0 1
3785 0 1
3790 0 1
3793 0 1
3795 0 1
3814 0 1
3819 0 2
3925 0 2
3926 0 1
3930 0 1
3931 0 1
3934 0 2
3935 0 2
3936 0 1
3938 0 1
3943 0 1
3948 0 2
3949 0 1
3954 0 1
3955 0 1
3958 0 1
3960 0 1
3987 0 1
3992 0 1
4004 0 1
4151 0 1
4274 0 1
4279 0 1
4281 0 2
4282 0 1
4284 0 2
4285 0 2
4287 0 3
4288 0 1
4289 0 4
4290 0 2
4292 0 3
4293 0 1
4294 0 1
4295 0 2
4296 0 4
4297 0 2
4298 0 4
4299 0 1
4300 0 2
4302 0 3
4303 0 2
4304 0 5
4305 0 1
4306 0 1
4307 0 1
4308 0 2
4309 0 3
4311 0 1
4312 0 1
4313 0 2
4314 0 2
4316 0 2
4317 0 1
4318 0 3
4319 0 1
4320 0 1
4321 0 2
4322 0 2
4323 0 1
4324 0 1
4326 0 2
4327 0 5
4328 0 3
4329 0 5
4330 0 1
4331 0 2
4332 0 4
4333 0 3
4336 0 1
4337 0 1
4338 0 3
4339 0 3
4340 0 1
4341 0 3
4342 0 3
4343 0 1
4344 0 1
4345 0 3
4346 0 3
4348 0 2
4349 0 1
4350 0 4
4351 0 1
4352 0 1
4353 0 4
4354 0 1
4355 0 3
4356 0 2
4357 0 2
4358 0 1
4359 0 1
4360 0 3
4361 0 2
4362 0 2
4363 0 1
4364 0 3
4365 0 4
4366 0 1
4367 0 1
4368 0 3
4369 0 1
4370 0 2
4371 0 1
4372 0 1
4374 0 3
4375 0 3
4376 0 1
4377 0 6
4383 0 4
4385 0 6
4387 0 1
4388 0 6
4390 0 5
4391 0 3
4392 0 2
4393 0 3
4394 0 3
4395 0 3
4396 0 3
4397 0 1
4399 0 2
4401 0 2
4402 0 1
4404 0 2
4406 0 1
4407 0 4
4408 0 3
4409 0 1
4410 0 4
4411 0 4
4412 0 5
4413 0 1
4414 0 2
4415 0 5
4416 0 1
4417 0 1
4418 0 3
4419 0 5
4420 0 5
4421 0 2
4422 0 2
4423 0 1
4425 0 1
4427 0 2
4428 0 1
4429 0 2
4430 0 4
4431 0 2
4432 0 1
4433 0 4
4434 0 3
4435 0 2
4436 0 1
4437 0 3
4438 0 3
4440 0 1
4441 0 1
4442 0 1
4443 0 2
4446 0 4
4447 0 1
4448 0 4
4449 0 1
4450 0 4
4451 0 2
4452 0 3
4453 0 1
4454 0 1
4455 0 2
4456 0 1
4457 0 1
4458 0 1
4459 0 2
4460 0 1
4461 0 4
4462 0 2
4463 0 2
4464 0 4
4465 0 2
4466 0 4
4467 0 3
4468 0 1
4470 0 2
4471 0 3
4472 0 1
4473 0 3
4474 0 1
4475 0 3
4476 0 3
4479 0 1
4480 0 1
4482 0 1
4483 0 1
4486 0 1
4487 0 3
4488 0 1
4490 0 1
4491 0 1
4494 0 1
4497 0 2
4498 0 1
4500 0 1
4507 0 1
4508 0 2
4510 0 1
4511 0 1
4514 0 2
4515 0 1
4517 0 1
4520 0 1
4523 0 1
4524 0 1
4525 0 1
4530 0 2
4540 0 1
4541 0 1
4544 0 1
4545 0 1
4547 0 1
4554 0 1
4562 0 1
4563 0 1
4573 0 1
4584 0 1
4586 0 1
4588 0 1
4591 0 1
4592 0 1
4652 0 1
4661 0 1
4669 0 1
4681 0 1
4698 0 1
4718 0 1
4757 0 3
4760 0 1
4761 0 3
4764 0 1
4766 0 2
4767 0 1
4769 0 3
4770 0 1
4772 0 1
4773 0 2
4774 0 1
4775 0 2
4776 0 1
4778 0 1
4780 0 1
4781 0 2
4783 0 1
4784 0 2
4790 0 2
4801 0 1
4803 0 1
4907 0 1
4929 0 1
5005 0 1
5108 0 1
5110 0 1
5111 0 1
5112 0 1
5113 0 1
5114 0 1
5115 0 1
5117 0 2
5119 0 1
5120 0 2
5121 0 3
5122 0 1
5123 0 3
5125 0 3
5126 0 1
5127 0 2
5129 0 1
5130 0 2
5131 0 1
5132 0 2
5134 0 2
5135 0 2
5136 0 2
5138 0 1
5139 0 2
5140 0 1
5141 0 1
5142 0 1
5143 0 1
5144 0 2
5145 0 1
5146 0 3
5147 0 2
5148 0 4
5149 0 1
5150 0 1
5151 0 1
5152 0 3
5153 0 1
5154 0 2
5155 0 2
5156 0 2
5157 0 3
5159 0 4
5161 0 2
5163 0 4
5164 0 4
5167 0 2
5168 0 3
5169 0 1
5170 0 4
5172 0 1
5173 0 1
5174 0 3
5175 0 3
5176 0 1
5177 0 3
5178 0 2
5179 0 2
5180 0 5
5181 0 1
5183 0 1
5184 0 3
5185 0 4
5186 0 2
5187 0 2
5188 0 2
5189 0 1
5190 0 2
5192 0 3
5193 0 3
5194 0 2
5195 0 4
5196 0 2
5197 0 2
5198 0 3
5200 0 1
5201 0 4
5202 0 2
5203 0 4
5206 0 1
5207 0 2
5208 0 3
5209 0 3
5210 0 3
5211 0 3
5212 0 1
5213 0 3
5214 0 2
5215 0 2
5216 0 2
5217 0 1
5218 0 1
5219 0 3
5220 0 4
5222 0 1
5223 0 2
5224 0 1
5225 0 5
5226 0 4
5227 0 1
5228 0 1
5230 0 1
5231 0 4
5233 0 4
5234 0 3
5235 0 5
5237 0 3
5238 0 1
5239 0 2
5240 0 1
5241 0 4
5242 0 2
5243 0 4
5244 0 4
5245 0 1
5246 0 1
5247 0 1
5248 0 4
5249 0 1
5250 0 3
5251 0 3
5252 0 4
5253 0 3
5254 0 4
5255 0 1
5256 0 1
5257 0 2
5258 0 3
5259 0 5
5260 0 3
5261 0 1
5263 0 2
5264 0 1
5265 0 2
5266 0 2
5267 0 3
5268 0 1
5269 0 1
5270 0 2
5271 0 2
5272 0 1
5273 0 3
5274 0 3
5276 0 4
5277 0 2
5278 0 2
5279 0 1
5280 0 1
5281 0 1
5282 0 1
5283 0 2
5284 0 1
5285 0 1
5286 0 4
5287 0 2
5288 0 1
5289 0 1
5290 0 3
5291 0 1
5293 0 3
5294 0 4
5296 0 1
5297 0 1
5299 0 4
5300 0 2
5301 0 3
5302 0 1
5304 0 3
5305 0 2
5306 0 1
5307 0 1
5310 0 2
5311 0 2
5312 0 1
5313 0 1
5316 0 1
5317 0 2
5319 0 1
5321 0 1
5330 0 1
5331 0 1
5332 0 2
5333 0 2
5334 0 3
5335 0 2
5336 0 1
5337 0 1
5338 0 2
5341 0 3
5342 0 1
5345 0 1
5348 0 1
5349 0 2
5355 0 1
5356 0 1
5365 0 2
5368 0 2
5370 0 1
5374 0 2
5377 0 1
5378 0 1
5379 0 1
5382 0 1
5386 0 1
5387 0 1
5389 0 1
5391 0 2
5404 0 1
5407 0 1
5415 0 1
5416 0 1
5422 0 1
5423 0 1
5428 0 1
5430 0 1
5431 0 1
5444 0 1
5446 0 1
5452 0 1
5463 0 2
5466 0 1
5476 0 1
5500 0 1
5503 0 1
5525 0 1
5553 0 1
5589 0 2
5591 0 2
5592 0 1
5594 0 2
5596 0 2
5600 0 1
5601 0 2
5602 0 2
5604 0 1
5606 0 1
5607 0 2
5608 0 1
5620 0 1
5626 0 1
5644 0 2
5659 0 1
5678 0 1
5681 0 1
5761 0 1
5866 0 1
5941 0 1
5944 0 1
5950 0 2
5951 0 2
5952 0 2
5953 0 1
5954 0 1
5956 0 1
5957 0 2
5958 0 2
5960 0 3
5961 0 1
5962 0 2
5963 0 2
5964 0 1
5965 0 2
5967 0 2
5968 0 1
5969 0 1
5970 0 1
5971 0 2
5973 0 2
5974 0 2
5975 0 4
5976 0 1
5977 0 1
5978 0 4
5979 0 3
5980 0 1
5984 0 2
5985 0 3
5986 0 2
5987 0 2
5988 0 2
5989 0 4
5991 0 6
5992 0 2
5994 0 3
5995 0 2
5996 0 2
5997 0 5
5998 0 3
5999 0 2
6000 0 2
6002 0 1
6003 0 2
6004 0 1
6005 0 3
6006 0 3
6007 0 3
6008 0 1
6010 0 1
6011 0 1
6012 0 2
6013 0 4
6014 0 1
6015 0 3
6016 0 2
6017 0 8
6018 0 2
6019 0 1
6020 0 4
6021 0 1
6022 0 1
6023 0 3
6024 0 2
6025 0 2
6026 0 2
6027 0 5
6028 0 1
6030 0 4
6031 0 3
6032 0 4
6033 0 2
6034 0 2
6036 0 3
6038 0 2
6040 0 2
6043 0 3
6044 0 3
6045 0 2
6046 0 2
6047 0 1
6048 0 1
6049 0 1
6050 0 2
6051 0 3
6052 0 1
6053 0 2
6054 0 1
6055 0 1
6056 0 3
6058 0 2
6059 0 1
6060 0 2
6063 0 2
6064 0 3
6065 0 6
6066 0 1
6067 0 1
6068 0 3
6069 0 1
6070 0 2
6071 0 1
6072 0 3
6073 0 3
6074 0 3
6075 0 3
6077 0 3
6078 0 1
6079 0 3
6080 0 2
6081 0 3
6082 0 3
6083 0 1
6084 0 2
6085 0 2
6088 0 3
6090 0 1
6091 0 3
6092 0 2
6093 0 2
6094 0 1
6096 0 2
6097 0 1
6098 0 9
6099 0 3
6100 0 4
6101 0 2
6102 0 3
6103 0 2
6104 0 3
6105 0 4
6106 0 3
6107 0 3
6108 0 1
6109 0 2
6110 0 5
6111 0 3
6112 0 1
6113 0 2
6114 0 2
6115 0 1
6116 0 2
6117 0 4
6119 0 3
6120 0 4
6122 0 2
6123 0 3
6124 0 1
6125 0 2
6126 0 2
6127 0 2
6128 0 1
6129 0 2
6130 0 4
6131 0 5
6132 0 2
6133 0 2
6134 0 1
6135 0 2
6137 0 3
6138 0 2
6139 0 1
6141 0 1
6142 0 2
6144 0 1
6146 0 1
6147 0 3
6149 0 1
6152 0 1
6153 0 2
6154 0 1
6156 0 2
6158 0 1
6160 0 1
6163 0 2
6164 0 1
6165 0 1
6171 0 1
6172 0 3
6175 0 1
6177 0 1
6180 0 2
6182 0 1
6184 0 2
6185 0 1
6187 0 2
6194 0 1
6195 0 1
6197 0 1
6199 0 2
6203 0 1
6211 0 1
6212 0 1
6218 0 2
6220 0 1
6221 0 2
6222 0 1
6237 0 1
6240 0 1
6248 0 1
6254 0 1
6258 0 1
6270 0 1
6275 0 2
6291 0 1
6321 0 1
6322 0 1
6323 0 1
6330 0 1
6331 0 1
6334 0 1
6346 0 1
6380 0 1
6421 0 2
6424 0 3
6425 0 1
6426 0 3
6427 0 1
6428 0 1
6430 0 1
6432 0 1
6435 0 1
6437 0 3
6438 0 1
6442 0 1
6444 0 2
6445 0 1
6447 0 1
6451 0 2
6458 0 1
6464 0 1
6472 0 1
6499 0 1
6543 0 1
6646 0 1
6771 0 1
6772 0 1
6776 0 1
6778 0 2
6779 0 1
6780 0 1
6785 0 2
6786 0 2
6787 0 3
6788 0 2
6789 0 1
6791 0 1
6792 0 2
6793 0 3
6794 0 3
6795 0 1
6796 0 3
6797 0 2
6798 0 3
6799 0 1
6800 0 1
6801 0 1
6802 0 2
6803 0 4
6806 0 3
6807 0 2
6809 0 2
6810 0 3
6812 0 1
6814 0 1
6815 0 1
6816 0 3
6817 0 2
6818 0 1
6819 0 1
6822 0 3
6823 0 1
6824 0 3
6825 0 5
6826 0 1
6827 0 2
6828 0 3
6829 0 2
6830 0 3
6831 0 3
6832 0 2
6833 0 3
6834 0 1
6835 0 4
6836 0 2
6837 0 5
6838 0 2
6839 0 3
6840 0 5
6841 0 2
6842 0 2
6843 0 1
6844 0 3
6845 0 2
6846 0 1
6847 0 2
6848 0 2
6849 0 4
6850 0 2
6852 0 5
6853 0 2
6854 0 2
6855 0 1
6856 0 5
6858 0 2
6859 0 3
6860 0 2
6861 0 4
6862 0 4
6863 0 1
6864 0 1
6866 0 3
6867 0 1
6868 0 1
6870 0 2
6871 0 1
6872 0 2
6873 0 2
6874 0 3
6875 0 1
6876 0 1
6877 0 5
6879 0 3
6880 0 3
6881 0 3
6882 0 3
6883 0 5
6885 0 1
6887 0 5
6888 0 2
6889 0 2
6890 0 3
6891 0 3
6892 0 2
6894 0 2
6896 0 2
6897 0 1
6898 0 2
6899 0 3
6900 0 1
6901 0 2
6902 0 4
6903 0 7
6904 0 2
6905 0 4
6906 0 2
6907 0 2
6908 0 4
6909 0 2
6911 0 4
6912 0 3
6913 0 4
6914 0 3
6915 0 1
6916 0 6
6917 0 2
6918 0 4
6919 0 1
6920 0 2
6922 0 3
6923 0 3
6924 0 2
6925 0 2
6926 0 3
6927 0 5
6928 0 3
6929 0 1
6930 0 3
6931 0 2
6933 0 2
6934 0 3
6935 0 2
6936 0 2
6937 0 2
6938 0 1
6939 0 5
6940 0 2
6941 0 1
6942 0 1
6944 0 2
6945 0 4
6946 0 2
6947 0 2
6948 0 2
6949 0 1
6950 0 3
6951 0 2
6952 0 1
6953 0 3
6954 0 1
6955 0 2
6956 0 1
6957 0 4
6958 0 1
6959 0 3
6960 0 1
6961 0 1
6962 0 1
6963 0 3
6964 0 3
6966 0 3
6967 0 3
6968 0 1
6969 0 4
6970 0 4
6971 0 2
6974 0 1
6975 0 1
6976 0 2
6977 0 2
6978 0 2
6979 0 1
6983 0 2
6986 0 1
6987 0 2
6990 0 1
6991 0 2
6996 0 1
6997 0 1
6998 0 1
7006 0 2
7008 0 2
7011 0 1
7021 0 1
7025 0 1
7027 0 5
7033 0 1
7039 0 1
7047 0 1
7048 0 2
7056 0 1
7059 0 1
7060 0 1
7069 0 1
7078 0 1
7079 0 1
7083 0 2
7084 0 1
7091 0 1
7092 0 1
7099 0 1
7100 0 1
7113 0 1
7114 0 1
7131 0 1
7148 0 1
7150 0 1
7170 0 1
7197 0 1
7213 0 1
7252 0 3
7253 0 4
7254 0 1
7257 0 2
7258 0 2
7259 0 3
7260 0 4
7263 0 1
7265 0 1
7266 0 2
7267 0 1
7269 0 1
7270 0 2
7273 0 2
7277 0 1
7284 0 1
7286 0 1
7287 0 1
7288 0 1
7290 0 1
7309 0 1
7553 0 1
7604 0 2
7606 0 1
7608 0 1
7609 0 1
7610 0 1
7612 0 1
7614 0 2
7615 0 2
7616 0 1
7617 0 1
7618 0 1
7619 0 2
7620 0 1
7621 0 2
7622 0 1
7623 0 2
7624 0 1
7625 0 1
7626 0 2
7627 0 4
7628 0 1
7629 0 1
7631 0 1
7632 0 2
7633 0 3
7634 0 2
7635 0 3
7636 0 1
7637 0 2
7638 0 2
7640 0 1
7641 0 3
7642 0 3
7643 0 5
7647 0 2
7648 0 2
7649 0 4
7650 0 4
7651 0 1
7653 0 1
7654 0 4
7655 0 3
7656 0 2
7657 0 2
7658 0 2
7659 0 1
7660 0 3
7661 0 2
7662 0 2
7663 0 1
7665 0 1
7668 0 1
7669 0 2
7670 0 3
7671 0 5
7672 0 4
7673 0 1
7674 0 1
7675 0 2
7676 0 2
7677 0 1
7678 0 1
7679 0 1
7680 0 3
7681 0 3
7682 0 2
7683 0 3
7684 0 1
7685 0 3
7686 0 2
7687 0 1
7688 0 1
7689 0 3
7690 0 2
7691 0 1
7692 0 1
7693 0 1
7694 0 1
7695 0 2
7696 0 4
7698 0 1
7700 0 3
7701 0 3
7702 0 2
7703 0 3
7704 0 1
7705 0 1
7707 0 2
7708 0 3
7709 0 2
7710 0 4
7711 0 2
7712 0 3
7715 0 3
7716 0 4
7717 0 2
7718 0 5
7719 0 1
7720 0 2
7722 0 3
7724 0 5
7725 0 2
7729 0 1
7730 0 4
7731 0 2
7732 0 2
7733 0 3
7734 0 3
7735 0 1
7736 0 4
7737 0 4
7738 0 2
7739 0 1
7740 0 1
7741 0 3
7742 0 5
7743 0 5
7744 0 1
7745 0 1
7746 0 3
7747 0 2
7748 0 1
7749 0 3
7750 0 2
7751 0 4
7753 0 3
7754 0 2
7755 0 4
7756 0 2
7757 0 2
7758 0 1
7760 0 3
7761 0 1
7762 0 2
7763 0 5
7764 0 2
7765 0 4
7766 0 2
7767 0 5
7768 0 4
7769 0 3
7771 0 2
7772 0 2
7774 0 3
7775 0 2
7776 0 1
7777 0 3
7778 0 3
7779 0 2
7780 0 4
7781 0 5
7782 0 2
7783 0 3
7784 0 3
7785 0 4
7786 0 3
7788 0 2
7789 0 5
7790 0 4
7791 0 2
7792 0 3
7793 0 2
7794 0 5
7795 0 1
7796 0 2
7797 0 5
7798 0 1
7799 0 1
7800 0 2
7801 0 1
7804 0 3
7805 0 1
7809 0 1
7810 0 1
7811 0 2
7812 0 1
7813 0 1
7815 0 2
7817 0 3
7818 0 1
7824 0 1
7825 0 1
7827 0 1
7828 0 1
7831 0 1
7832 0 1
7835 0 2
7837 0 2
7838 0 1
7839 0 2
7840 0 1
7841 0 1
7843 0 2
7844 0 1
7846 0 1
7850 0 1
7852 0 1
7853 0 1
7855 0 1
7856 0 1
7860 0 1
7862 0 1
7865 0 2
7868 0 1
7872 0 1
7875 0 1
7883 0 1
7888 0 1
7895 0 1
7910 0 2
7912 0 1
7940 0 1
7981 0 1
7995 0 1
8000 0 1
8084 0 2
8085 0 2
8086 0 1
8087 0 1
8088 0 1
8089 0 1
8091 0 1
8092 0 2
8094 0 4
8097 0 1
8098 0 1
8099 0 1
8101 0 1
8103 0 1
8106 0 1
8108 0 1
8112 0 3
8113 0 1
8123 0 1
8257 0 1
8414 0 1
8431 0 1
8433 0 1
8438 0 1
8439 0 1
8442 0 2
8443 0 1
8446 0 2
8449 0 2
8450 0 3
8451 0 2
8453 0 1
8454 0 2
8455 0 1
8456 0 2
8457 0 1
8458 0 2
8459 0 3
8461 0 1
8463 0 3
8464 0 2
8465 0 1
8466 0 1
8467 0 5
8468 0 3
8470 0 2
8471 0 3
8472 0 1
8473 0 2
8474 0 2
8475 0 4
8476 0 3
8477 0 3
8478 0 1
8481 0 2
8482 0 1
8483 0 1
8486 0 1
8487 0 1
8489 0 2
8490 0 1
8491 0 1
8492 0 1
8494 0 1
8495 0 1
8496 0 3
8497 0 3
8498 0 2
8499 0 2
8500 0 3
8501 0 1
8503 0 2
8504 0 2
8505 0 3
8506 0 2
8508 0 3
8509 0 1
8510 0 4
8511 0 2
8512 0 2
8513 0 2
8514 0 3
8515 0 1
8516 0 1
8517 0 5
8518 0 3
8519 0 2
8520 0 3
8521 0 1
8522 0 1
8523 0 2
8525 0 1
8526 0 1
8528 0 2
8530 0 1
8531 0 2
8532 0 2
8533 0 2
8534 0 3
8536 0 1
8538 0 1
8539 0 3
8540 0 2
8541 0 2
8542 0 1
8543 0 1
8544 0 2
8545 0 1
8546 0 1
8549 0 2
8550 0 2
8551 0 2
8552 0 2
8553 0 2
8554 0 2
8555 0 1
8556 0 1
8557 0 4
8558 0 1
8559 0 4
8560 0 4
8561 0 1
8562 0 2
8563 0 1
8564 0 4
8565 0 2
8566 0 1
8567 0 2
8568 0 1
8570 0 1
8571 0 7
8572 0 2
8573 0 2
8574 0 5
8575 0 1
8576 0 4
8577 0 1
8578 0 3
8579 0 2
8580 0 1
8581 0 2
8582 0 1
8584 0 1
8585 0 2
8586 0 2
8587 0 2
8588 0 5
8593 0 1
8594 0 1
8595 0 1
8596 0 2
8597 0 2
8598 0 4
8600 0 2
8601 0 1
8602 0 1
8603 0 1
8604 0 3
8605 0 2
8606 0 2
8607 0 1
8608 0 5
8609 0 5
8610 0 1
8611 0 2
8613 0 2
8614 0 3
8615 0 3
8616 0 2
8617 0 3
8618 0 1
8619 0 4
8621 0 1
8622 0 3
8623 0 3
8624 0 5
8626 0 2
8627 0 3
8628 0 2
8629 0 1
8630 0 1
8631 0 1
8632 0 2
8633 0 1
8634 0 1
8635 0 1
8638 0 3
8639 0 2
8641 0 3
8642 0 3
8643 0 1
8644 0 1
8645 0 1
8646 0 1
8647 0 1
8648 0 2
8649 0 1
8650 0 1
8652 0 3
8653 0 1
8654 0 1
8656 0 3
8658 0 1
8659 0 1
8660 0 1
8661 0 1
8665 0 1
8666 0 2
8667 0 2
8668 0 3
8670 0 1
8672 0 2
8673 0 1
8674 0 1
8678 0 2
8680 0 1
8681 0 1
8683 0 2
8684 0 1
8686 0 1
8687 0 2
8691 0 1
8696 0 1
8697 0 1
8699 0 1
8700 0 2
8713 0 1
8720 0 1
8723 0 1
8725 0 1
8749 0 1
8750 0 1
8754 0 1
8758 0 1
8762 0 1
8770 0 1
8771 0 1
8799 0 1
8834 0 1
8849 0 1
8863 0 1
8900 0 1
8916 0 3
8917 0 5
8919 0 1
8920 0 2
8921 0 3
8922 0 1
8923 0 2
8924 0 4
8925 0 1
8927 0 1
8929 0 2
8930 0 2
8931 0 1
8933 0 1
8935 0 1
8936 0 1
8937 0 1
8938 0 1
8941 0 1
8947 0 1
8949 0 1
8969 0 1
8986 0 1
9038 0 1
9064 0 1
9069 0 1
9089 0 1
9268 0 1
9269 0 1
9273 0 2
9275 0 2
9276 0 1
9277 0 2
9278 0 3
9279 0 3
9280 0 1
9281 0 2
9282 0 1
9284 0 1
9286 0 1
9287 0 3
9288 0 1
9289 0 1
9290 0 5
9291 0 2
9292 0 1
9293 0 4
9298 0 1
9299 0 1
9300 0 1
9301 0 3
9302 0 3
9303 0 1
9304 0 1
9305 0 6
9306 0 2
9309 0 5
9310 0 2
9311 0 2
9312 0 1
9313 0 4
9314 0 1
9315 0 3
9317 0 2
9318 0 4
9319 0 1
9320 0 2
9322 0 1
9323 0 1
9324 0 1
9325 0 3
9326 0 1
9327 0 1
9328 0 2
9329 0 1
9330 0 3
9331 0 1
9332 0 1
9333 0 1
9334 0 2
9335 0 4
9336 0 3
9337 0 2
9338 0 3
9339 0 2
9340 0 1
9341 0 6
9342 0 4
9344 0 2
9345 0 2
9346 0 3
9348 0 5
9349 0 1
9350 0 2
9351 0 3
9352 0 3
9353 0 3
9354 0 3
9355 0 7
9356 0 3
9357 0 2
9358 0 3
9359 0 1
9360 0 2
9362 0 1
9363 0 5
9364 0 2
9365 0 2
9367 0 2
9368 0 3
9369 0 2
9371 0 3
9372 0 2
9373 0 3
9374 0 4
9375 0 2
9376 0 1
9377 0 3
9378 0 1
9379 0 2
9380 0 1
9381 0 3
9382 0 1
9383 0 1
9384 0 1
9387 0 1
9389 0 2
9390 0 2
9391 0 1
9393 0 5
9394 0 4
9395 0 3
9396 0 3
9397 0 4
9399 0 3
9400 0 3
9401 0 2
9402 0 2
9404 0 1
9405 0 3
9406 0 1
9407 0 5
9409 0 4
9411 0 1
9412 0 1
9413 0 2
9414 0 1
9415 0 2
9416 0 1
9417 0 1
9418 0 2
9419 0 4
9421 0 5
9422 0 3
9423 0 2
9424 0 1
9425 0 1
9426 0 4
9427 0 1
9428 0 1
9429 0 1
9430 0 2
9431 0 2
9432 0 3
9434 0 6
9435 0 1
9436 0 3
9437 0 2
9438 0 1
9439 0 1
9440 0 1
9441 0 2
9442 0 4
9443 0 6
9444 0 1
9445 0 3
9446 0 1
9447 0 4
9449 0 2
9450 0 3
9451 0 2
9452 0 1
9453 0 1
9456 0 1
9457 0 4
9458 0 2
9459 0 2
9460 0 3
9461 0 4
9462 0 2
9463 0 2
9464 0 1
9465 0 2
9466 0 4
9467 0 2
9468 0 2
9469 0 2
9471 0 2
9472 0 3
9473 0 2
9476 0 1
9477 0 1
9478 0 1
9480 0 2
9482 0 1
9485 0 1
9486 0 2
9487 0 1
9488 0 1
9491 0 1
9492 0 1
9493 0 1
9495 0 1
9497 0 2
9498 0 1
9499 0 1
9504 0 1
9507 0 1
9508 0 1
9511 0 2
9518 0 1
9520 0 1
9522 0 1
9528 0 1
9534 0 1
9537 0 1
9539 0 1
9546 0 1
9567 0 2
9582 0 1
9585 0 1
9588 0 1
9590 0 1
9594 0 1
9610 0 1
9624 0 1
9634 0 1
9636 0 1
9661 0 1
9664 0 1
9666 0 1
9748 0 3
9749 0 4
9753 0 1
9754 0 1
9755 0 1
9757 0 1
9758 0 1
9759 0 2
9760 0 2
9761 0 1
9762 0 1
9763 0 1
9764 0 1
9765 0 1
9766 0 1
9768 0 1
9769 0 1
9776 0 1
9781 0 1
9782 0 1
9788 0 1
9793 0 1
9801 0 1
9809 0 1
9815 0 1
9822 0 1
9850 0 1
9864 0 1
9869 0 1
10100 0 1
10102 0 1
10103 0 1
10104 0 2
10105 0 4
10106 0 3
10107 0 1
10108 0 1
10110 0 1
10114 0 2
10115 0 1
10116 0 2
10117 0 1
10118 0 2
10119 0 2
10120 0 1
10121 0 3
10122 0 2
10123 0 2
10124 0 3
10125 0 1
10126 0 1
10128 0 1
10129 0 1
10131 0 2
10133 0 2
10134 0 3
10135 0 1
10136 0 1
10137 0 3
10138 0 1
10140 0 4
10141 0 2
10142 0 1
10143 0 2
10144 0 1
10146 0 2
10147 0 2
10148 0 2
10149 0 5
10150 0 1
10151 0 1
10152 0 2
10153 0 2
10154 0 2
10155 0 2
10156 0 1
10157 0 3
10160 0 1
10161 0 1
10163 0 3
10164 0 1
10165 0 1
10166 0 1
10167 0 4
10169 0 1
10170 0 2
10171 0 1
10172 0 1
10173 0 2
10174 0 4
10175 0 4
10176 0 3
10177 0 3
10178 0 2
10180 0 3
10181 0 3
10182 0 1
10183 0 2
10184 0 1
10185 0 3
10186 0 3
10188 0 2
10189 0 2
10191 0 2
10192 0 3
10193 0 3
10194 0 1
10195 0 4
10196 0 2
10197 0 5
10199 0 2
10200 0 2
10201 0 1
10202 0 2
10203 0 1
10204 0 2
10207 0 2
10208 0 1
10209 0 4
10210 0 2
10211 0 4
10212 0 3
10213 0 2
10214 0 2
10215 0 4
10216 0 3
10217 0 2
10218 0 1
10219 0 2
10220 0 1
10221 0 1
10222 0 3
10223 0 1
10224 0 3
10225 0 3
10226 0 3
10227 0 1
10228 0 2
10229 0 3
10230 0 2
10231 0 2
10232 0 3
10233 0 1
10234 0 2
10235 0 4
10236 0 6
10237 0 4
10238 0 3
10240 0 1
10241 0 3
10242 0 3
10243 0 4
10244 0 2
10245 0 1
10247 0 1
10248 0 1
10249 0 2
10250 0 4
10251 0 3
10252 0 1
10253 0 3
10254 0 6
10255 0 1
10256 0 1
10257 0 2
10258 0 5
10259 0 4
10260 0 2
10261 0 2
10262 0 2
10263 0 5
10264 0 4
10265 0 2
10266 0 2
10267 0 3
10268 0 1
10269 0 2
10270 0 5
10271 0 2
10272 0 2
10273 0 2
10274 0 5
10275 0 4
10276 0 2
10277 0 2
10278 0 3
10279 0 4
10281 0 4
10282 0 2
10283 0 3
10284 0 2
10285 0 1
10287 0 3
10288 0 1
10289 0 3
10291 0 2
10292 0 3
10293 0 2
10294 0 1
10295 0 1
10296 0 3
10297 0 3
10299 0 1
10300 0 1
10301 0 1
10303 0 1
10304 0 3
10306 0 2
10310 0 2
10311 0 1
10312 0 2
10314 0 1
10315 0 1
10316 0 1
10318 0 2
10320 0 1
10322 0 2
10324 0 3
10326 0 2
10332 0 2
10335 0 1
10343 0 1
10346 0 1
10349 0 1
10354 0 1
10357 0 1
10360 0 2
10362 0 1
10363 0 1
10365 0 1
10366 0 1
10367 0 1
10372 0 1
10374 0 1
10380 0 1
10381 0 2
10386 0 1
10389 0 1
10390 0 4
10391 0 1
10399 0 1
10400 0 1
10406 0 1
10408 0 1
10425 0 1
10446 0 1
10466 0 1
10484 0 1
10494 0 1
10496 0 1
10511 0 1
10555 0 1
10580 0 2
10585 0 1
10586 0 2
10587 0 4
10588 0 3
10589 0 2
10591 0 1
10592 0 2
10595 0 1
10597 0 1
10598 0 1
10600 0 1
10601 0 2
10603 0 2
10616 0 3
10623 0 1
10625 0 2
10635 0 1
10637 0 1
10700 0 1
10805 0 1
10910 0 1
10928 0 1
10935 0 1
10937 0 2
10938 0 1
10942 0 1
10944 0 1
10945 0 3
10947 0 1
10948 0 2
10949 0 1
10950 0 1
10951 0 2
10952 0 1
10953 0 1
10954 0 3
10955 0 2
10956 0 1
10958 0 3
10961 0 2
10963 0 5
10965 0 1
10966 0 2
10967 0 2
10968 0 1
10969 0 3
10970 0 2
10971 0 3
10972 0 2
10973 0 2
10974 0 1
10975 0 2
10976 0 1
10978 0 6
10980 0 2
10981 0 2
10982 0 1
10983 0 2
10985 0 2
10986 0 2
10987 0 2
10989 0 1
10991 0 2
10992 0 1
10993 0 1
10994 0 4
10995 0 1
10996 0 4
10998 0 3
10999 0 4
11000 0 1
11001 0 2
11002 0 1
11003 0 1
11004 0 3
11005 0 4
11006 0 5
11007 0 1
11009 0 2
11011 0 5
11012 0 1
11013 0 2
11014 0 2
11015 0 1
11016 0 2
11017 0 2
11018 0 3
11019 0 1
11022 0 1
11023 0 1
11024 0 3
11025 0 1
11026 0 4
11027 0 5
11028 0 1
11029 0 3
11032 0 3
11033 0 5
11034 0 2
11035 0 2
11036 0 3
11037 0 3
11038 0 2
11040 0 3
11041 0 4
11042 0 2
11043 0 4
11044 0 1
11045 0 4
11046 0 1
11047 0 1
11048 0 5
11049 0 2
11050 0 2
11051 0 3
11052 0 1
11054 0 6
11055 0 2
11056 0 1
11057 0 3
11058 0 2
11059 0 3
11060 0 1
11062 0 4
11063 0 2
11064 0 1
11065 0 2
11066 0 4
11067 0 2
11068 0 2
11069 0 2
11070 0 3
11071 0 4
11073 0 4
11075 0 3
11076 0 3
11078 0 1
11079 0 4
11080 0 2
11081 0 1
11082 0 3
11083 0 2
11084 0 4
11085 0 4
11086 0 2
11087 0 1
11088 0 1
11089 0 3
11091 0 2
11092 0 4
11095 0 3
11096 0 3
11097 0 2
11098 0 2
11099 0 2
11102 0 3
11103 0 3
11104 0 1
11105 0 1
11108 0 2
11111 0 7
11112 0 3
11113 0 2
11114 0 2
11115 0 3
11116 0 3
11117 0 3
11118 0 2
11119 0 1
11120 0 1
11121 0 2
11122 0 3
11123 0 1
11124 0 4
11125 0 3
11126 0 2
11127 0 1
11128 0 2
11129 0 1
11130 0 1
11132 0 1
11133 0 2
11134 0 2
11136 0 1
11141 0 1
11142 0 2
11144 0 3
11146 0 1
11148 0 1
11150 0 1
11151 0 1
11152 0 1
11154 0 3
11155 0 3
11156 0 1
11159 0 1
11160 0 2
11161 0 2
11162 0 2
11163 0 2
11166 0 1
11167 0 1
11169 0 1
11170 0 1
11171 0 1
11172 0 1
11173 0 2
11178 0 1
11179 0 1
11180 0 1
11181 0 1
11183 0 1
11185 0 1
11187 0 1
11188 0 1
11191 0 1
11194 0 1
11198 0 1
11213 0 1
11214 0 1
11221 0 2
11233 0 1
11234 0 1
11243 0 1
11249 0 1
11251 0 1
11259 0 1
11263 0 1
11276 0 1
11277 0 1
11278 0 1
11281 0 1
11292 0 1
11298 0 1
11324 0 1
11328 0 1
11371 0 1
11373 0 1
11384 0 1
11412 0 3
11415 0 1
11417 0 2
11418 0 1
11419 0 2
11421 0 5
11423 0 2
11426 0 2
11427 0 1
11429 0 1
11435 0 1
11436 0 1
11443 0 1
11450 0 1
11466 0 1
11470 0 1
11584 0 1
11762 0 1
11763 0 2
11765 0 1
11766 0 3
11767 0 1
11768 0 2
11773 0 3
11774 0 3
11775 0 1
11776 0 2
11778 0 2
11780 0 1
11782 0 1
11783 0 2
11784 0 3
11785 0 3
11786 0 3
11787 0 4
11788 0 2
11789 0 2
11790 0 3
11791 0 2
11792 0 1
11793 0 3
11795 0 2
11796 0 1
11797 0 1
11798 0 4
11799 0 2
11800 0 2
11801 0 2
11802 0 2
11803 0 1
11804 0 3
11805 0 2
11806 0 3
11807 0 2
11808 0 1
11810 0 1
11811 0 3
11812 0 2
11814 0 3
11815 0 1
11816 0 2
11818 0 2
11819 0 2
11820 0 1
11821 0 2
11822 0 1
11823 0 2
11824 0 4
11825 0 1
11826 0 4
11828 0 3
11829 0 2
11830 0 3
11831 0 5
11832 0 1
11833 0 1
11834 0 2
11835 0 1
11836 0 5
11837 0 3
11838 0 3
11839 0 2
11840 0 1
11841 0 3
11842 0 4
11843 0 3
11844 0 1
11845 0 3
11846 0 1
11847 0 5
11848 0 1
11849 0 1
11850 0 2
11851 0 2
11852 0 4
11853 0 3
11854 0 3
11855 0 5
11856 0 2
11857 0 3
11858 0 2
11859 0 3
11860 0 2
11861 0 1
11862 0 3
11864 0 3
11865 0 1
11866 0 1
11867 0 2
11870 0 2
11872 0 2
11873 0 4
11874 0 2
11877 0 3
11878 0 5
11879 0 1
11880 0 1
11882 0 3
11883 0 3
11884 0 1
11885 0 3
11886 0 2
11887 0 2
11888 0 3
11889 0 4
11891 0 2
11892 0 5
11893 0 1
11895 0 4
11896 0 1
11897 0 4
11898 0 1
11899 0 4
11900 0 2
11901 0 3
11902 0 2
11905 0 3
11906 0 1
11907 0 1
11909 0 1
11910 0 3
11911 0 3
11912 0 2
11913 0 1
11914 0 1
11915 0 1
11916 0 3
11918 0 2
11919 0 4
11921 0 1
11922 0 4
11923 0 4
11924 0 1
11925 0 1
11926 0 3
11927 0 1
11928 0 3
11930 0 2
11932 0 3
11933 0 1
11934 0 3
11935 0 2
11936 0 1
11937 0 1
11938 0 2
11939 0 3
11940 0 3
11941 0 4
11942 0 4
11943 0 1
11944 0 1
11945 0 1
11946 0 2
11947 0 1
11948 0 4
11949 0 3
11950 0 2
11951 0 3
11952 0 5
11953 0 5
11954 0 3
11955 0 1
11957 0 1
11958 0 1
11959 0 1
11960 0 4
11961 0 2
11962 0 2
11963 0 2
11964 0 1
11965 0 1
11966 0 1
11969 0 1
11971 0 1
11975 0 2
11976 0 1
11977 0 1
11979 0 1
11980 0 5
11984 0 1
11986 0 1
11987 0 1
11988 0 1
11990 0 1
11992 0 1
11994 0 1
11998 0 1
12001 0 1
12002 0 2
12003 0 1
12007 0 1
12009 0 1
12011 0 1
12019 0 1
12022 0 1
12029 0 2
12030 0 2
12033 0 1
12034 0 1
12037 0 2
12039 0 1
12042 0 1
12046 0 1
12051 0 1
12053 0 1
12055 0 1
12057 0 1
12066 0 1
12082 0 1
12086 0 1
12120 0 1
12126 0 1
12127 0 1
12140 0 1
12145 0 1
12158 0 1
12189 0 1
12244 0 2
12246 0 1
12247 0 3
12249 0 1
12250 0 1
12252 0 3
12254 0 2
12255 0 1
12256 0 2
12257 0 2
12258 0 1
12259 0 2
12261 0 1
12264 0 1
12265 0 1
12266 0 2
12267 0 2
12269 0 1
12270 0 1
12277 0 1
12283 0 2
12289 0 1
12304 0 1
12307 0 1
12312 0 1
12319 0 1
12325 0 1
12330 0 1
12383 0 1
15013 0 1
15150 0 1
15343 0 1
15350 0 1
15377 0 1
15387 0 1
15401 0 1
15402 0 1
15403 0 1
15405 0 1
15406 0 1
15408 0 2
15412 0 1
15415 0 1
15416 0 1
15417 0 1
15422 0 1
15429 0 1
15430 0 2
15432 0 1
15433 0 1
15436 0 2
15437 0 2
15440 0 2
15445 0 1
15447 0 1
15448 0 1
15449 0 1
15451 0 3
15455 0 3
15456 0 1
15457 0 1
15459 0 3
15460 0 1
15461 0 1
15462 0 2
15467 0 2
15468 0 2
15472 0 1
15474 0 1
15477 0 2
15479 0 2
15480 0 2
15481 0 1
15482 0 1
15484 0 3
15485 0 1
15487 0 3
15489 0 2
15490 0 1
15491 0 3
15492 0 1
15493 0 1
15494 0 1
15495 0 1
15496 0 1
15498 0 1
15500 0 2
15501 0 2
15503 0 2
15505 0 2
15506 0 1
15507 0 2
15509 0 1
15513 0 1
15514 0 1
15515 0 3
15516 0 1
15518 0 1
15519 0 2
15520 0 2
15523 0 1
15524 0 1
15525 0 1
15526 0 1
15527 0 1
15528 0 1
15529 0 1
15532 0 3
15533 0 1
15534 0 1
15536 0 1
15538 0 2
15539 0 1
15541 0 1
15542 0 1
15543 0 2
15544 0 2
15545 0 1
15546 0 1
15547 0 3
15548 0 1
15549 0 1
15550 0 2
15551 0 3
15552 0 1
15553 0 2
15554 0 3
15555 0 1
15558 0 1
15560 0 2
15561 0 1
15562 0 2
15563 0 3
15564 0 3
15565 0 3
15568 0 3
15569 0 1
15571 0 2
15572 0 1
15575 0 1
15578 0 1
15579 0 1
15581 0 2
15582 0 1
15583 0 2
15592 0 1
15598 0 2
15601 0 1
15602 0 1
15604 0 1
15610 0 1
15618 0 1
15623 0 1
15625 0 1
15632 0 1
15634 0 1
15636 0 1
15639 0 1
15644 0 1
15647 0 1
15659 0 1
15660 0 1
15682 0 1
15725 0 1
15741 0 1
15776 0 1
15798 0 1
15854 0 7
15859 0 1
15860 0 3
15862 0 1
15863 0 1
15865 0 1
15866 0 1
15870 0 1
15903 0 1
15923 0 1
15924 0 1
16078 0 1
16080 0 1
16186 0 1
16200 0 1
16204 0 1
16206 0 2
16207 0 3
16208 0 1
16209 0 1
16211 0 1
16213 0 1
16214 0 1
16215 0 1
16216 0 2
16217 0 1
16218 0 2
16219 0 2
16221 0 1
16223 0 2
16224 0 1
16227 0 2
16228 0 4
16229 0 2
16230 0 2
16231 0 4
16232 0 1
16234 0 1
16235 0 1
16236 0 2
16237 0 1
16238 0 4
16239 0 1
16241 0 3
16242 0 2
16244 0 2
16245 0 3
16246 0 4
16247 0 2
16248 0 3
16249 0 6
16250 0 1
16251 0 1
16252 0 1
16253 0 2
16254 0 3
16255 0 4
16256 0 3
16257 0 3
16258 0 1
16259 0 4
16260 0 5
16261 0 1
16262 0 1
16263 0 1
16264 0 1
16265 0 1
16266 0 4
16267 0 4
16269 0 1
16270 0 3
16272 0 1
16273 0 3
16275 0 5
16276 0 2
16277 0 7
16278 0 3
16279 0 1
16281 0 2
16282 0 4
16283 0 2
16285 0 1
16286 0 4
16287 0 2
16288 0 1
16289 0 2
16290 0 3
16291 0 4
16292 0 2
16293 0 2
16294 0 1
16295 0 1
16296 0 4
16298 0 2
16299 0 4
16300 0 2
16301 0 1
16303 0 1
16304 0 2
16305 0 2
16306 0 4
16308 0 3
16309 0 3
16310 0 1
16311 0 1
16312 0 5
16313 0 2
16315 0 4
16316 0 4
16317 0 2
16318 0 4
16320 0 2
16321 0 2
16322 0 1
16323 0 1
16324 0 1
16325 0 6
16326 0 2
16327 0 3
16328 0 1
16329 0 3
16330 0 4
16331 0 2
16332 0 2
16333 0 2
16334 0 3
16335 0 4
16336 0 1
16337 0 3
16338 0 3
16339 0 3
16340 0 2
16341 0 3
16342 0 3
16343 0 5
16344 0 4
16346 0 3
16347 0 2
16348 0 2
16349 0 3
16350 0 3
16351 0 5
16352 0 3
16353 0 4
16354 0 5
16355 0 2
16356 0 1
16357 0 7
16358 0 3
16359 0 1
16361 0 1
16363 0 5
16365 0 4
16366 0 4
16367 0 1
16368 0 3
16369 0 1
16370 0 2
16371 0 4
16372 0 2
16373 0 2
16374 0 2
16375 0 1
16376 0 2
16377 0 3
16378 0 3
16380 0 5
16381 0 4
16382 0 3
16384 0 4
16385 0 4
16386 0 2
16387 0 1
16389 0 2
16390 0 2
16391 0 3
16392 0 2
16393 0 1
16395 0 2
16396 0 2
16398 0 6
16399 0 2
16400 0 1
16401 0 1
16402 0 1
16403 0 1
16404 0 4
16405 0 1
16407 0 3
16408 0 2
16409 0 1
16412 0 2
16413 0 1
16414 0 1
16416 0 1
16417 0 1
16418 0 1
16419 0 1
16420 0 2
16421 0 1
16422 0 1
16423 0 2
16425 0 1
16427 0 1
16428 0 1
16429 0 1
16430 0 2
16431 0 1
16435 0 1
16436 0 1
16437 0 1
16439 0 1
16442 0 1
16448 0 3
16451 0 2
16453 0 2
16454 0 1
16458 0 1
16468 0 2
16474 0 1
16475 0 1
16477 0 1
16479 0 1
16480 0 1
16483 0 3
16487 0 1
16488 0 1
16493 0 1
16494 0 1
16496 0 1
16503 0 2
16513 0 1
16518 0 1
16519 0 1
16522 0 1
16527 0 1
16541 0 1
16543 0 2
16544 0 1
16548 0 1
16549 0 1
16606 0 1
16614 0 1
16663 0 1
16685 0 1
16687 0 1
16688 0 1
16689 0 1
16690 0 2
16692 0 1
16693 0 2
16696 0 2
16699 0 1
16701 0 2
16702 0 1
16703 0 2
16704 0 2
16705 0 1
16706 0 1
16707 0 1
16708 0 1
16709 0 1
16711 0 1
16714 0 1
16715 0 1
16720 0 1
16723 0 1
16725 0 1
16732 0 1
16733 0 1
16742 0 1
16760 0 1
16762 0 1
16911 0 2
16963 0 1
17038 0 2
17041 0 1
17042 0 1
17043 0 2
17044 0 1
17045 0 1
17046 0 1
17047 0 1
17048 0 1
17049 0 1
17050 0 1
17052 0 1
17053 0 3
17054 0 2
17055 0 1
17056 0 3
17057 0 3
17058 0 2
17059 0 2
17060 0 3
17062 0 2
17063 0 1
17065 0 2
17066 0 5
17067 0 1
17068 0 1
17069 0 3
17070 0 1
17071 0 4
17073 0 2
17074 0 7
17075 0 1
17077 0 2
17078 0 1
17079 0 1
17080 0 2
17081 0 1
17082 0 2
17083 0 2
17087 0 4
17088 0 1
17089 0 1
17090 0 1
17091 0 2
17092 0 1
17093 0 3
17094 0 4
17095 0 1
17096 0 1
17097 0 2
17098 0 1
17099 0 2
17100 0 4
17102 0 4
17103 0 2
17104 0 4
17105 0 4
17106 0 1
17107 0 1
17108 0 1
17109 0 1
17110 0 1
17111 0 2
17112 0 2
17113 0 2
17114 0 2
17115 0 3
17116 0 2
17118 0 2
17119 0 2
17120 0 1
17121 0 2
17122 0 1
17123 0 2
17124 0 1
17125 0 2
17127 0 3
17128 0 2
17129 0 1
17130 0 4
17131 0 2
17132 0 2
17133 0 2
17134 0 1
17135 0 2
17136 0 2
17138 0 1
17139 0 1
17140 0 3
17141 0 1
17142 0 1
17143 0 6
17144 0 3
17145 0 3
17146 0 2
17147 0 2
17149 0 2
17151 0 2
17152 0 2
17154 0 2
17155 0 3
17156 0 7
17158 0 2
17159 0 1
17160 0 2
17161 0 1
17162 0 2
17163 0 6
17164 0 3
17165 0 1
17166 0 4
17168 0 5
17170 0 3
17171 0 1
17173 0 1
17174 0 1
17175 0 1
17176 0 3
17177 0 2
17178 0 1
17179 0 3
17180 0 3
17181 0 3
17183 0 2
17184 0 2
17185 0 1
17187 0 2
17188 0 3
17189 0 1
17190 0 4
17191 0 2
17192 0 3
17193 0 2
17194 0 2
17195 0 5
17196 0 2
17197 0 1
17198 0 1
17199 0 1
17200 0 1
17201 0 2
17202 0 1
17203 0 3
17204 0 3
17206 0 2
17209 0 2
17210 0 1
17211 0 4
17212 0 1
17213 0 2
17214 0 3
17215 0 2
17216 0 1
17217 0 1
17218 0 1
17219 0 5
17220 0 3
17221 0 5
17222 0 3
17223 0 2
17224 0 2
17225 0 4
17226 0 3
17227 0 4
17228 0 3
17230 0 1
17231 0 2
17232 0 1
17234 0 1
17236 0 2
17237 0 1
17238 0 6
17240 0 1
17241 0 3
17242 0 1
17243 0 2
17244 0 1
17245 0 2
17246 0 2
17248 0 1
17253 0 1
17255 0 2
17257 0 1
17262 0 2
17264 0 2
17269 0 1
17270 0 1
17271 0 2
17272 0 1
17274 0 1
17275 0 1
17276 0 2
17278 0 1
17283 0 1
17285 0 2
17286 0 1
17287 0 2
17289 0 1
17290 0 1
17292 0 1
17294 0 1
17295 0 1
17304 0 1
17305 0 2
17308 0 1
17309 0 1
17310 0 1
17317 0 1
17322 0 1
17324 0 1
17326 0 1
17327 0 1
17332 0 1
17343 0 1
17346 0 1
17347 0 1
17348 0 1
17351 0 1
17353 0 1
17354 0 1
17355 0 1
17364 0 1
17369 0 1
17372 0 1
17393 0 1
17399 0 1
17406 0 1
17447 0 1
17518 0 6
17520 0 1
17523 0 2
17525 0 3
17526 0 1
17528 0 2
17529 0 3
17530 0 1
17535 0 1
17540 0 1
17544 0 1
17551 0 2
17566 0 1
17582 0 1
17588 0 1
17633 0 1
17690 0 1
17741 0 1
17868 0 1
17869 0 1
17873 0 2
17874 0 2
17875 0 2
17876 0 1
17877 0 1
17878 0 3
17879 0 2
17880 0 2
17881 0 2
17882 0 1
17884 0 3
17885 0 3
17886 0 1
17887 0 4
17888 0 1
17889 0 1
17890 0 1
17891 0 1
17892 0 3
17894 0 2
17896 0 1
17898 0 3
17899 0 4
17901 0 1
17902 0 2
17904 0 1
17905 0 1
17906 0 1
17910 0 1
17911 0 1
17912 0 1
17913 0 1
17914 0 1
17917 0 2
17918 0 1
17920 0 3
17921 0 4
17922 0 2
17924 0 1
17926 0 4
17927 0 2
17928 0 2
17929 0 3
17930 0 1
17931 0 1
17932 0 4
17933 0 1
17934 0 2
17936 0 3
17937 0 2
17938 0 1
17939 0 2
17940 0 1
17942 0 1
17943 0 4
17944 0 3
17945 0 2
17946 0 2
17947 0 3
17948 0 2
17949 0 1
17950 0 1
17951 0 2
17952 0 4
17953 0 1
17954 0 2
17955 0 2
17956 0 3
17957 0 5
17958 0 2
17959 0 3
17960 0 4
17961 0 2
17962 0 2
17964 0 1
17965 0 5
17966 0 1
17967 0 1
17968 0 1
17971 0 4
17972 0 5
17973 0 4
17974 0 1
17975 0 2
17976 0 3
17977 0 3
17978 0 1
17980 0 3
17981 0 1
17983 0 2
17984 0 3
17985 0 1
17986 0 2
17987 0 2
17988 0 6
17989 0 2
17990 0 3
17991 0 5
17992 0 5
17993 0 1
17994 0 5
17995 0 2
17996 0 1
17997 0 1
17998 0 3
17999 0 1
18000 0 3
18001 0 2
18002 0 2
18003 0 1
18004 0 5
18005 0 1
18006 0 3
18007 0 3
18008 0 4
18009 0 4
18010 0 1
18011 0 3
18012 0 2
18013 0 3
18014 0 5
18015 0 2
18016 0 1
18017 0 2
18018 0 4
18019 0 1
18020 0 2
18021 0 2
18022 0 2
18023 0 4
18024 0 4
18025 0 2
18026 0 2
18027 0 4
18029 0 1
18030 0 2
18031 0 3
18032 0 6
18033 0 4
18034 0 2
18035 0 8
18036 0 2
18037 0 1
18038 0 4
18039 0 2
18040 0 3
18041 0 5
18042 0 2
18043 0 5
18044 0 3
18046 0 4
18048 0 1
18049 0 1
18050 0 5
18051 0 2
18052 0 2
18053 0 3
18054 0 5
18055 0 3
18056 0 1
18057 0 3
18058 0 2
18059 0 4
18060 0 3
18061 0 3
18062 0 2
18063 0 3
18064 0 4
18065 0 2
18066 0 2
18067 0 2
18068 0 1
18069 0 1
18070 0 1
18071 0 1
18072 0 2
18073 0 1
18075 0 1
18076 0 2
18081 0 1
18082 0 1
18083 0 1
18085 0 1
18087 0 1
18088 0 1
18096 0 1
18097 0 1
18098 0 1
18099 0 2
18100 0 1
18103 0 1
18104 0 1
18105 0 1
18108 0 1
18110 0 3
18112 0 1
18113 0 3
18114 0 3
18116 0 1
18117 0 1
18118 0 1
18119 0 1
18123 0 2
18124 0 1
18129 0 1
18142 0 1
18150 0 1
18151 0 2
18155 0 2
18157 0 2
18158 0 1
18162 0 1
18164 0 1
18165 0 1
18174 0 1
18180 0 1
18184 0 1
18188 0 1
18192 0 1
18201 0 1
18210 0 1
18215 0 1
18229 0 1
18230 0 1
18236 0 1
18251 0 1
18259 0 1
18277 0 1
18282 0 1
18313 0 1
18324 0 1
18331 0 1
18333 0 1
18350 0 2
18353 0 2
18355 0 4
18356 0 1
18357 0 1
18358 0 1
18359 0 2
18361 0 1
18364 0 1
18365 0 1
18367 0 1
18371 0 3
18374 0 1
18375 0 2
18385 0 2
18388 0 1
18395 0 1
18478 0 1
18700 0 2
18705 0 2
18707 0 2
18708 0 1
18711 0 1
18712 0 1
18713 0 1
18714 0 1
18715 0 2
18716 0 1
18717 0 1
18718 0 4
18719 0 2
18720 0 3
18721 0 1
18722 0 1
18723 0 1
18724 0 2
18725 0 2
18726 0 3
18727 0 1
18728 0 2
18729 0 1
18730 0 2
18731 0 2
18732 0 2
18733 0 2
18734 0 2
18735 0 3
18736 0 1
18737 0 3
18738 0 4
18739 0 1
18741 0 1
18742 0 3
18743 0 1
18745 0 1
18746 0 2
18747 0 3
18748 0 1
18749 0 2
18750 0 2
18751 0 2
18752 0 1
18753 0 2
18755 0 4
18756 0 1
18757 0 1
18758 0 3
18759 0 2
18760 0 2
18761 0 3
18762 0 1
18764 0 1
18765 0 3
18766 0 1
18767 0 2
18768 0 3
18769 0 4
18770 0 1
18771 0 2
18773 0 1
18774 0 5
18776 0 3
18777 0 1
18778 0 1
18780 0 1
18781 0 2
18783 0 4
18785 0 1
18786 0 3
18787 0 2
18788 0 3
18790 0 2
18791 0 2
18792 0 2
18793 0 3
18795 0 3
18796 0 1
18797 0 2
18798 0 1
18799 0 2
18800 0 2
18801 0 2
18802 0 1
18803 0 1
18804 0 3
18805 0 2
18807 0 3
18809 0 2
18810 0 3
18811 0 2
18812 0 1
18813 0 4
18814 0 4
18815 0 1
18816 0 3
18817 0 2
18818 0 2
18819 0 3
18820 0 1
18821 0 2
18822 0 1
18823 0 2
18824 0 3
18825 0 1
18826 0 3
18827 0 3
18828 0 1
18829 0 1
18830 0 3
18831 0 3
18832 0 4
18833 0 1
18834 0 2
18835 0 6
18836 0 1
18837 0 2
18839 0 1
18840 0 3
18841 0 2
18842 0 2
18843 0 2
18844 0 3
18846 0 3
18847 0 2
18848 0 5
18849 0 1
18850 0 2
18851 0 3
18852 0 2
18853 0 2
18855 0 1
18856 0 1
18857 0 2
18858 0 4
18859 0 2
18860 0 1
18861 0 1
18862 0 5
18863 0 2
18864 0 2
18865 0 6
18866 0 4
18867 0 6
18868 0 2
18869 0 3
18870 0 7
18871 0 3
18872 0 3
18873 0 2
18874 0 2
18875 0 3
18876 0 2
18877 0 3
18878 0 2
18879 0 2
18880 0 3
18881 0 4
18882 0 7
18883 0 5
18884 0 2
18885 0 1
18886 0 4
18887 0 2
18888 0 6
18890 0 4
18891 0 2
18892 0 1
18893 0 1
18894 0 2
18895 0 2
18896 0 4
18897 0 2
18898 0 2
18899 0 1
18900 0 1
18901 0 2
18902 0 3
18903 0 1
18905 0 1
18906 0 1
18907 0 1
18908 0 1
18909 0 2
18911 0 1
18912 0 2
18914 0 1
18916 0 1
18919 0 3
18920 0 1
18921 0 1
18924 0 1
18925 0 5
18929 0 1
18934 0 1
18937 0 1
18939 0 1
18941 0 1
18943 0 1
18945 0 1
18949 0 1
18953 0 1
18959 0 1
18962 0 1
18963 0 1
18968 0 1
18974 0 1
18977 0 2
18980 0 1
18982 0 1
18985 0 1
18988 0 1
18992 0 2
19001 0 1
19010 0 1
19012 0 1
19013 0 1
19021 0 1
19052 0 1
19053 0 1
19066 0 2
19182 0 6
19184 0 1
19186 0 1
19187 0 1
19188 0 2
19189 0 3
19190 0 1
19191 0 1
19194 0 1
19196 0 3
19197 0 3
19199 0 1
19200 0 1
19201 0 1
19202 0 1
19207 0 1
19223 0 2
19227 0 1
19228 0 1
19230 0 1
19243 0 2
19244 0 1
19529 0 1
19532 0 1
19533 0 1
19535 0 1
19536 0 1
19538 0 3
19540 0 1
19542 0 3
19543 0 1
19544 0 3
19545 0 2
19546 0 2
19547 0 1
19548 0 4
19549 0 1
19550 0 1
19551 0 1
19552 0 2
19553 0 1
19554 0 1
19555 0 1
19557 0 3
19559 0 2
19560 0 3
19561 0 3
19562 0 3
19564 0 2
19565 0 3
19566 0 2
19568 0 2
19570 0 1
19571 0 1
19572 0 3
19573 0 3
19574 0 1
19576 0 1
19577 0 1
19578 0 1
19579 0 1
19580 0 2
19582 0 1
19584 0 1
19585 0 3
19586 0 5
19587 0 3
19589 0 1
19590 0 3
19591 0 1
19592 0 3
19593 0 1
19594 0 2
19595 0 4
19597 0 3
19598 0 3
19599 0 7
19600 0 1
19601 0 3
19603 0 1
19604 0 3
19605 0 1
19606 0 3
19607 0 2
19608 0 3
19609 0 3
19611 0 2
19612 0 1
19613 0 1
19614 0 2
19615 0 2
19616 0 2
19617 0 5
19618 0 3
19619 0 4
19620 0 3
19621 0 6
19622 0 2
19623 0 2
19624 0 4
19625 0 3
19626 0 2
19627 0 2
19628 0 1
19629 0 4
19630 0 5
19631 0 2
19632 0 3
19633 0 2
19634 0 1
19635 0 1
19636 0 1
19637 0 3
19639 0 6
19640 0 1
19641 0 2
19642 0 4
19643 0 1
19644 0 3
19645 0 6
19646 0 5
19647 0 1
19648 0 3
19649 0 2
19651 0 1
19652 0 7
19655 0 3
19656 0 5
19657 0 3
19658 0 3
19659 0 2
19660 0 2
19661 0 4
19662 0 2
19663 0 5
19664 0 1
19665 0 2
19666 0 3
19667 0 1
19668 0 2
19670 0 3
19671 0 4
19672 0 4
19673 0 3
19674 0 3
19675 0 1
19676 0 1
19677 0 4
19678 0 4
19679 0 3
19680 0 4
19682 0 1
19683 0 4
19684 0 3
19685 0 2
19686 0 4
19687 0 3
19688 0 1
19690 0 5
19691 0 3
19692 0 2
19693 0 4
19694 0 3
19695 0 2
19696 0 2
19697 0 1
19698 0 3
19699 0 1
19700 0 1
19701 0 4
19702 0 3
19703 0 6
19704 0 3
19705 0 2
19706 0 1
19707 0 1
19708 0 4
19709 0 1
19710 0 3
19711 0 3
19712 0 3
19713 0 1
19714 0 2
19715 0 6
19716 0 4
19717 0 1
19718 0 1
19719 0 3
19720 0 5
19722 0 1
19724 0 2
19725 0 3
19726 0 1
19728 0 3
19729 0 4
19730 0 3
19731 0 2
19733 0 4
19737 0 1
19739 0 1
19740 0 2
19743 0 2
19744 0 1
19745 0 2
19746 0 1
19750 0 1
19753 0 1
19756 0 1
19757 0 1
19760 0 1
19761 0 1
19763 0 2
19766 0 1
19767 0 1
19768 0 2
19769 0 1
19770 0 1
19774 0 1
19781 0 1
19783 0 2
19786 0 1
19789 0 1
19791 0 1
19793 0 1
19795 0 1
19797 0 2
19798 0 1
19806 0 1
19811 0 1
19820 0 1
19830 0 1
19832 0 1
19834 0 1
19842 0 2
19850 0 1
19869 0 1
19887 0 1
19895 0 1
19898 0 1
19899 0 1
19906 0 1
19910 0 1
19913 0 1
19924 0 1
19930 0 1
19946 0 1
19956 0 1
20013 0 4
20014 0 3
20015 0 1
20017 0 1
20018 0 1
20020 0 1
20021 0 1
20022 0 1
20026 0 1
20032 0 2
20034 0 1
20036 0 2
20039 0 3
20040 0 1
20042 0 1
20047 0 1
20054 0 1
20055 0 1
20072 0 1
20080 0 1
20112 0 1
20115 0 1
20362 0 1
20363 0 2
20365 0 1
20366 0 1
20367 0 1
20368 0 2
20369 0 1
20372 0 2
20373 0 2
20374 0 1
20375 0 2
20376 0 5
20377 0 4
20378 0 2
20379 0 3
20381 0 4
20382 0 2
20383 0 2
20384 0 2
20385 0 3
20386 0 4
20387 0 3
20390 0 2
20391 0 1
20392 0 1
20393 0 2
20394 0 2
20395 0 4
20396 0 3
20397 0 5
20399 0 2
20400 0 3
20401 0 3
20402 0 2
20403 0 2
20404 0 2
20405 0 1
20406 0 1
20408 0 2
20409 0 2
20410 0 1
20411 0 1
20412 0 1
20413 0 2
20414 0 1
20415 0 4
20416 0 1
20417 0 3
20418 0 2
20422 0 1
20423 0 3
20424 0 1
20425 0 3
20426 0 1
20427 0 3
20428 0 3
20429 0 2
20430 0 3
20431 0 2
20432 0 2
20433 0 3
20434 0 1
20435 0 2
20436 0 1
20437 0 1
20438 0 1
20439 0 4
20440 0 1
20441 0 1
20442 0 1
20443 0 7
20444 0 3
20445 0 2
20446 0 1
20447 0 4
20448 0 2
20449 0 4
20451 0 4
20453 0 1
20454 0 6
20455 0 3
20456 0 2
20457 0 2
20458 0 1
20459 0 3
20460 0 4
20461 0 4
20462 0 3
20463 0 3
20464 0 3
20465 0 5
20466 0 2
20467 0 3
20468 0 1
20469 0 2
20470 0 2
20471 0 2
20474 0 2
20475 0 3
20476 0 2
20477 0 2
20478 0 6
20479 0 2
20480 0 2
20481 0 2
20482 0 4
20484 0 4
20485 0 3
20487 0 6
20489 0 4
20490 0 3
20491 0 2
20492 0 5
20493 0 4
20495 0 4
20496 0 2
20497 0 4
20498 0 1
20499 0 3
20500 0 3
20502 0 5
20503 0 2
20504 0 3
20505 0 2
20507 0 3
20508 0 5
20509 0 3
20510 0 4
20511 0 1
20512 0 1
20513 0 1
20515 0 1
20516 0 1
20517 0 3
20518 0 1
20519 0 2
20520 0 1
20521 0 2
20522 0 5
20524 0 4
20525 0 6
20526 0 5
20527 0 1
20529 0 3
20530 0 3
20531 0 4
20532 0 3
20533 0 2
20534 0 3
20535 0 3
20536 0 4
20537 0 3
20538 0 6
20539 0 1
20540 0 2
20541 0 2
20543 0 2
20544 0 2
20545 0 5
20546 0 4
20548 0 1
20549 0 3
20550 0 1
20551 0 5
20552 0 2
20553 0 3
20554 0 5
20555 0 3
20557 0 1
20558 0 2
20559 0 2
20560 0 3
20561 0 3
20562 0 3
20563 0 1
20564 0 2
20565 0 1
20566 0 2
20567 0 2
20568 0 1
20570 0 2
20571 0 1
20573 0 3
20575 0 2
20577 0 1
20580 0 1
20584 0 1
20585 0 6
20586 0 1
20587 0 1
20588 0 1
20590 0 1
20592 0 1
20593 0 2
20596 0 2
20598 0 1
20600 0 2
20602 0 1
20603 0 1
20604 0 1
20606 0 3
20608 0 1
20610 0 1
20612 0 2
20617 0 1
20619 0 1
20620 0 1
20624 0 1
20626 0 1
20633 0 3
20634 0 1
20635 0 1
20636 0 1
20640 0 2
20642 0 1
20643 0 1
20649 0 1
20651 0 1
20652 0 1
20656 0 1
20658 0 1
20659 0 2
20660 0 1
20661 0 1
20662 0 1
20669 0 1
20670 0 1
20673 0 1
20678 0 1
20691 0 1
20694 0 1
20707 0 1
20712 0 1
20714 0 1
20715 0 1
20716 0 1
20718 0 1
20747 0 1
20753 0 1
20758 0 2
20766 0 1
20846 0 2
20849 0 1
20850 0 1
20852 0 4
20853 0 1
20854 0 1
20856 0 5
20858 0 2
20859 0 2
20860 0 3
20861 0 2
20865 0 1
20882 0 2
20888 0 1
20889 0 1
20892 0 2
20893 0 2
20903 0 1
20930 0 1
20954 0 1
21019 0 2
21123 0 1
21196 0 1
21197 0 1
21198 0 1
21199 0 1
21201 0 1
21204 0 4
21206 0 2
21207 0 2
21208 0 1
21209 0 1
21210 0 2
21211 0 2
21212 0 1
21213 0 3
21214 0 3
21215 0 2
21216 0 1
21217 0 2
21218 0 1
21219 0 2
21220 0 1
21221 0 2
21223 0 2
21224 0 3
21225 0 1
21226 0 1
21227 0 5
21228 0 3
21229 0 1
21230 0 3
21231 0 2
21232 0 3
21233 0 2
21234 0 3
21236 0 4
21237 0 7
21238 0 3
21239 0 1
21240 0 3
21241 0 6
21243 0 2
21244 0 3
21245 0 2
21246 0 2
21248 0 2
21249 0 1
21250 0 1
21251 0 1
21252 0 1
21253 0 2
21254 0 3
21255 0 3
21256 0 2
21257 0 5
21258 0 5
21259 0 5
21260 0 1
21261 0 2
21262 0 3
21263 0 1
21264 0 2
21265 0 1
21266 0 1
21267 0 4
21268 0 3
21269 0 1
21270 0 1
21271 0 1
21272 0 3
21273 0 5
21274 0 1
21275 0 2
21276 0 1
21277 0 1
21278 0 2
21279 0 5
21280 0 3
21281 0 5
21282 0 2
21283 0 3
21284 0 4
21285 0 2
21286 0 2
21287 0 1
21288 0 2
21289 0 4
21290 0 1
21291 0 6
21292 0 3
21293 0 2
21294 0 2
21295 0 3
21296 0 2
21297 0 1
21298 0 1
21299 0 3
21300 0 1
21302 0 1
21303 0 2
21304 0 2
21305 0 2
21306 0 1
21307 0 3
21309 0 1
21310 0 4
21311 0 6
21312 0 1
21313 0 1
21314 0 5
21315 0 1
21316 0 3
21317 0 2
21318 0 2
21319 0 2
21320 0 1
21321 0 2
21322 0 2
21323 0 4
21324 0 4
21326 0 4
21327 0 2
21328 0 1
21330 0 1
21331 0 4
21332 0 1
21333 0 3
21334 0 4
21335 0 5
21336 0 3
21337 0 4
21338 0 4
21339 0 6
21340 0 4
21341 0 4
21342 0 2
21343 0 5
21344 0 3
21345 0 2
21346 0 4
21347 0 1
21348 0 3
21349 0 4
21350 0 2
21351 0 3
21352 0 2
21353 0 3
21354 0 2
21355 0 2
21356 0 1
21357 0 2
21358 0 3
21359 0 2
21360 0 1
21362 0 1
21363 0 1
21364 0 2
21365 0 3
21366 0 2
21367 0 1
21369 0 1
21371 0 1
21372 0 4
21373 0 1
21374 0 3
21375 0 4
21376 0 4
21377 0 3
21378 0 1
21379 0 2
21380 0 5
21381 0 1
21382 0 6
21383 0 3
21384 0 1
21385 0 1
21386 0 3
21387 0 5
21388 0 1
21389 0 3
21390 0 3
21392 0 1
21393 0 2
21396 0 1
21398 0 3
21399 0 3
21403 0 1
21404 0 1
21406 0 2
21407 0 1
21408 0 1
21411 0 2
21413 0 1
21414 0 1
21415 0 1
21418 0 1
21419 0 1
21421 0 1
21422 0 1
21423 0 1
21424 0 1
21425 0 1
21426 0 1
21428 0 1
21432 0 1
21433 0 1
21435 0 2
21436 0 2
21439 0 1
21442 0 1
21444 0 2
21448 0 1
21462 0 1
21464 0 1
21465 0 1
21466 0 2
21471 0 1
21475 0 1
21476 0 1
21482 0 1
21483 0 1
21487 0 1
21488 0 1
21490 0 1
21492 0 1
21496 0 1
21498 0 1
21499 0 1
21508 0 1
21511 0 1
21518 0 2
21533 0 1
21542 0 1
21550 0 1
21556 0 1
21566 0 1
21572 0 1
21616 0 1
21677 0 1
21679 0 2
21681 0 1
21682 0 1
21683 0 2
21684 0 1
21685 0 1
21686 0 2
21687 0 1
21688 0 1
21689 0 4
21690 0 4
21691 0 2
21693 0 2
21694 0 2
21695 0 1
21701 0 1
21703 0 1
21715 0 1
21721 0 1
21722 0 1
21723 0 1
21727 0 1
21745 0 1
21749 0 1
21763 0 1
22006 0 1
22026 0 1
22028 0 1
22031 0 1
22032 0 2
22034 0 1
22035 0 1
22037 0 1
22038 0 1
22039 0 2
22040 0 2
22041 0 1
22042 0 1
22043 0 3
22044 0 3
22045 0 3
22046 0 2
22047 0 1
22048 0 1
22050 0 2
22051 0 2
22052 0 1
22053 0 4
22054 0 1
22057 0 2
22058 0 6
22059 0 1
22061 0 2
22062 0 2
22064 0 1
22065 0 2
22066 0 1
22067 0 3
22068 0 3
22069 0 1
22071 0 2
22072 0 2
22073 0 1
22074 0 2
22075 0 1
22076 0 3
22077 0 2
22078 0 2
22079 0 3
22080 0 2
22083 0 3
22085 0 1
22086 0 2
22087 0 2
22088 0 1
22089 0 1
22090 0 3
22091 0 6
22092 0 3
22093 0 1
22094 0 3
22095 0 3
22096 0 1
22097 0 2
22099 0 3
22100 0 1
22101 0 3
22102 0 2
22103 0 5
22104 0 5
22105 0 1
22106 0 1
22107 0 2
22108 0 3
22109 0 6
22110 0 2
22111 0 3
22112 0 3
22113 0 3
22114 0 2
22115 0 4
22116 0 2
22117 0 2
22118 0 3
22119 0 2
22120 0 1
22121 0 4
22122 0 3
22123 0 2
22124 0 5
22125 0 1
22126 0 2
22129 0 3
22132 0 2
22133 0 2
22134 0 3
22135 0 3
22136 0 3
22137 0 1
22138 0 3
22139 0 5
22140 0 2
22141 0 4
22142 0 1
22143 0 3
22144 0 1
22146 0 1
22147 0 3
22148 0 3
22149 0 2
22150 0 6
22151 0 6
22152 0 2
22153 0 4
22154 0 3
22155 0 2
22156 0 1
22157 0 4
22158 0 1
22159 0 2
22160 0 3
22161 0 4
22162 0 2
22163 0 2
22164 0 6
22165 0 2
22166 0 1
22167 0 1
22168 0 3
22169 0 2
22170 0 2
22171 0 2
22172 0 6
22173 0 3
22174 0 2
22175 0 2
22176 0 1
22177 0 2
22178 0 3
22179 0 3
22180 0 3
22181 0 1
22182 0 3
22184 0 3
22185 0 2
22186 0 1
22187 0 2
22188 0 2
22189 0 3
22190 0 2
22191 0 1
22192 0 3
22193 0 4
22194 0 3
22195 0 4
22196 0 2
22197 0 3
22198 0 3
22200 0 5
22202 0 2
22203 0 3
22204 0 4
22205 0 4
22206 0 1
22207 0 3
22208 0 2
22209 0 4
22211 0 2
22212 0 2
22213 0 5
22214 0 3
22215 0 2
22216 0 1
22217 0 5
22218 0 2
22219 0 3
22220 0 1
22221 0 3
22223 0 3
22224 0 1
22225 0 2
22226 0 2
22227 0 1
22228 0 1
22229 0 1
22230 0 3
22231 0 1
22233 0 2
22236 0 1
22238 0 1
22240 0 1
22242 0 1
22243 0 1
22244 0 1
22245 0 1
22246 0 4
22248 0 1
22249 0 4
22250 0 1
22251 0 1
22252 0 1
22253 0 1
22254 0 1
22257 0 1
22258 0 2
22261 0 1
22264 0 1
22266 0 1
22267 0 1
22268 0 1
22269 0 1
22270 0 1
22272 0 1
22274 0 2
22278 0 1
22280 0 1
22283 0 1
22285 0 2
22288 0 2
22291 0 1
22293 0 1
22295 0 1
22298 0 1
22304 0 1
22309 0 1
22310 0 1
22315 0 1
22316 0 1
22319 0 1
22323 0 1
22338 0 1
22340 0 1
22349 0 1
22352 0 1
22363 0 1
22368 0 1
22370 0 1
22378 0 1
22383 0 1
22408 0 1
22445 0 1
22447 0 1
22456 0 1
22460 0 2
22485 0 1
22509 0 4
22511 0 1
22512 0 1
22513 0 2
22514 0 3
22515 0 1
22516 0 1
22517 0 3
22519 0 2
22520 0 1
22521 0 1
22522 0 3
22524 0 1
22526 0 2
22527 0 2
22528 0 1
22529 0 2
22530 0 2
22532 0 1
22546 0 1
22553 0 2
22563 0 1
22572 0 1
22597 0 1
22617 0 1
22620 0 1
22858 0 1
22859 0 1
22861 0 4
22863 0 1
22864 0 2
22865 0 2
22866 0 2
22867 0 2
22868 0 1
22871 0 3
22872 0 1
22873 0 3
22875 0 4
22876 0 3
22878 0 1
22879 0 2
22880 0 1
22881 0 1
22882 0 2
22883 0 2
22884 0 2
22885 0 3
22886 0 2
22887 0 2
22888 0 2
22889 0 4
22891 0 2
22892 0 1
22893 0 2
22894 0 4
22895 0 2
22896 0 1
22897 0 1
22898 0 3
22899 0 4
22900 0 3
22901 0 1
22902 0 2
22904 0 3
22905 0 1
22906 0 1
22907 0 4
22908 0 2
22909 0 2
22910 0 1
22912 0 2
22913 0 4
22914 0 1
22916 0 4
22918 0 4
22919 0 2
22920 0 2
22921 0 4
22923 0 2
22924 0 2
22925 0 3
22927 0 6
22928 0 2
22930 0 2
22931 0 4
22933 0 1
22934 0 3
22935 0 2
22936 0 2
22938 0 2
22939 0 2
22940 0 2
22941 0 3
22942 0 3
22943 0 2
22944 0 2
22945 0 2
22947 0 2
22948 0 3
22949 0 6
22950 0 2
22951 0 2
22952 0 1
22953 0 1
22954 0 2
22955 0 7
22956 0 3
22957 0 2
22958 0 2
22961 0 1
22962 0 2
22963 0 1
22964 0 3
22965 0 1
22966 0 2
22967 0 4
22968 0 3
22969 0 2
22970 0 3
22971 0 1
22972 0 1
22973 0 2
22974 0 2
22975 0 3
22976 0 1
22977 0 5
22978 0 5
22979 0 5
22980 0 2
22981 0 2
22982 0 2
22983 0 3
22984 0 2
22985 0 1
22986 0 1
22987 0 2
22988 0 4
22989 0 3
22990 0 1
22991 0 3
22992 0 5
22994 0 3
22995 0 1
22996 0 3
22997 0 5
22998 0 1
22999 0 3
23000 0 3
23001 0 4
23002 0 2
23003 0 5
23004 0 1
23005 0 3
23006 0 2
23007 0 3
23008 0 2
23009 0 2
23010 0 3
23011 0 4
23012 0 2
23013 0 3
23014 0 2
23017 0 5
23019 0 4
23020 0 3
23021 0 4
23022 0 1
23023 0 3
23024 0 1
23025 0 1
23026 0 2
23028 0 3
23029 0 1
23030 0 5
23031 0 3
23032 0 2
23033 0 1
23034 0 3
23036 0 4
23037 0 2
23038 0 1
23040 0 1
23041 0 1
23042 0 2
23043 0 3
23044 0 1
23045 0 6
23046 0 5
23047 0 1
23048 0 2
23049 0 1
23050 0 2
23051 0 1
23052 0 3
23053 0 1
23055 0 2
23056 0 1
23058 0 1
23059 0 2
23060 0 1
23061 0 4
23062 0 1
23063 0 3
23064 0 1
23067 0 1
23068 0 2
23069 0 1
23070 0 1
23071 0 1
23073 0 1
23074 0 1
23075 0 2
23077 0 2
23079 0 2
23080 0 1
23085 0 2
23086 0 1
23087 0 1
23088 0 2
23090 0 1
23091 0 2
23092 0 2
23095 0 1
23098 0 1
23099 0 1
23103 0 1
23105 0 1
23107 0 2
23108 0 1
23109 0 1
23110 0 1
23111 0 1
23120 0 1
23121 0 3
23122 0 1
23127 0 2
23129 0 1
23134 0 1
23141 0 1
23144 0 1
23146 0 1
23153 0 1
23156 0 1
23170 0 1
23171 0 1
23180 0 1
23197 0 2
23198 0 1
23206 0 1
23216 0 1
23223 0 1
23227 0 1
23229 0 1
23233 0 1
23310 0 1
23341 0 1
23344 0 1
23345 0 4
23346 0 1
23350 0 1
23351 0 2
23352 0 2
23353 0 2
23356 0 1
23359 0 2
23360 0 1
23363 0 2
23364 0 1
23366 0 2
23372 0 2
23373 0 1
23376 0 2
23379 0 1
23381 0 2
23389 0 1
23393 0 1
23404 0 1
23436 0 1
23448 0 1
23461 0 1
23691 0 2
23695 0 1
23696 0 1
23702 0 1
23703 0 1
23704 0 1
23705 0 3
23706 0 3
23707 0 3
23708 0 3
23709 0 2
23710 0 1
23711 0 2
23712 0 3
23713 0 2
23714 0 4
23715 0 4
23716 0 1
23717 0 1
23718 0 1
23719 0 4
23720 0 2
23721 0 2
23724 0 3
23725 0 2
23726 0 2
23728 0 1
23729 0 1
23730 0 4
23732 0 2
23733 0 1
23734 0 2
23735 0 3
23736 0 1
23737 0 3
23738 0 2
23740 0 3
23741 0 5
23742 0 4
23743 0 3
23744 0 4
23745 0 1
23746 0 4
23747 0 2
23748 0 2
23749 0 5
23750 0 4
23751 0 2
23752 0 2
23753 0 1
23754 0 1
23755 0 4
23756 0 2
23757 0 2
23758 0 1
23759 0 1
23760 0 1
23761 0 2
23762 0 1
23763 0 1
23764 0 1
23765 0 3
23767 0 2
23768 0 2
23769 0 2
23770 0 3
23771 0 2
23772 0 3
23773 0 7
23775 0 2
23776 0 2
23777 0 3
23778 0 3
23779 0 3
23780 0 4
23781 0 2
23782 0 1
23783 0 1
23784 0 2
23785 0 4
23787 0 1
23788 0 4
23789 0 1
23790 0 4
23791 0 2
23792 0 1
23793 0 5
23794 0 2
23795 0 1
23797 0 1
23798 0 1
23800 0 4
23801 0 3
23802 0 2
23803 0 3
23804 0 4
23805 0 3
23806 0 1
23807 0 3
23808 0 2
23809 0 3
23810 0 3
23811 0 2
23812 0 1
23813 0 5
23814 0 2
23815 0 1
23817 0 7
23818 0 3
23819 0 1
23820 0 5
23821 0 1
23823 0 1
23824 0 1
23825 0 2
23826 0 2
23827 0 2
23828 0 4
23829 0 4
23830 0 4
23831 0 2
23832 0 3
23833 0 1
23834 0 3
23835 0 1
23836 0 2
23837 0 1
23838 0 4
23839 0 5
23840 0 4
23841 0 1
23842 0 3
23843 0 3
23844 0 5
23845 0 4
23847 0 2
23848 0 3
23849 0 4
23850 0 4
23851 0 3
23852 0 2
23853 0 1
23854 0 1
23855 0 2
23856 0 3
23857 0 2
23858 0 2
23859 0 2
23860 0 5
23861 0 3
23862 0 2
23863 0 4
23864 0 4
23865 0 4
23866 0 1
23867 0 1
23869 0 1
23870 0 3
23871 0 2
23872 0 3
23873 0 2
23874 0 5
23875 0 4
23876 0 4
23878 0 2
23879 0 5
23881 0 3
23882 0 2
23883 0 1
23884 0 2
23885 0 1
23886 0 3
23887 0 4
23890 0 1
23891 0 1
23892 0 1
23893 0 1
23894 0 3
23895 0 2
23896 0 2
23897 0 1
23898 0 3
23899 0 2
23900 0 1
23901 0 1
23903 0 1
23907 0 1
23908 0 1
23913 0 2
23915 0 1
23916 0 1
23917 0 1
23918 0 1
23920 0 1
23923 0 3
23924 0 2
23926 0 1
23929 0 1
23931 0 1
23932 0 1
23934 0 1
23940 0 1
23945 0 2
23946 0 3
23947 0 1
23949 0 2
23956 0 2
23958 0 1
23966 0 1
23971 0 2
23974 0 2
23983 0 1
23984 0 2
23989 0 1
23990 0 2
23992 0 2
23996 0 1
24000 0 1
24011 0 1
24038 0 1
24040 0 1
24052 0 1
24099 0 1
24102 0 1
24106 0 1
24116 0 1
24118 0 1
24173 0 4
24174 0 2
24175 0 1
24177 0 3
24179 0 1
24180 0 2
24181 0 3
24182 0 2
24183 0 1
24187 0 3
24189 0 1
24191 0 1
24196 0 1
24211 0 1
24212 0 1
24228 0 1
24232 0 1
24234 0 1
24254 0 1
24288 0 1
24525 0 1
24526 0 2
24529 0 1
24532 0 2
24533 0 3
24534 0 5
24535 0 4
24536 0 1
24538 0 1
24541 0 1
24542 0 2
24543 0 2
24544 0 1
24545 0 4
24546 0 2
24547 0 3
24548 0 1
24549 0 1
24550 0 4
24551 0 3
24552 0 3
24553 0 4
24554 0 3
24557 0 1
24558 0 4
24559 0 2
24560 0 1
24561 0 2
24562 0 5
24564 0 1
24565 0 3
24566 0 5
24567 0 4
24568 0 6
24569 0 2
24570 0 1
24571 0 1
24572 0 2
24573 0 1
24574 0 3
24575 0 4
24576 0 4
24577 0 3
24578 0 1
24579 0 3
24580 0 2
24581 0 2
24582 0 3
24583 0 1
24584 0 2
24585 0 3
24587 0 5
24588 0 1
24589 0 2
24590 0 5
24591 0 2
24592 0 4
24593 0 3
24594 0 5
24595 0 2
24596 0 1
24597 0 3
24598 0 3
24599 0 2
24600 0 5
24601 0 3
24602 0 1
24603 0 3
24604 0 4
24605 0 1
24606 0 1
24607 0 1
24608 0 1
24609 0 2
24610 0 2
24611 0 4
24612 0 1
24613 0 1
24614 0 2
24615 0 3
24616 0 1
24617 0 2
24618 0 5
24619 0 3
24620 0 2
24622 0 1
24623 0 1
24624 0 3
24625 0 1
24626 0 3
24627 0 1
24628 0 1
24629 0 3
24630 0 1
24631 0 1
24632 0 8
24634 0 2
24636 0 1
24637 0 2
24638 0 2
24639 0 3
24640 0 4
24642 0 4
24643 0 3
24644 0 4
24646 0 2
24647 0 1
24648 0 2
24649 0 2
24650 0 3
24651 0 5
24653 0 4
24654 0 1
24656 0 3
24657 0 2
24658 0 1
24659 0 2
24660 0 4
24661 0 3
24662 0 5
24663 0 1
24664 0 3
24665 0 3
24666 0 1
24667 0 3
24668 0 3
24669 0 2
24670 0 2
24671 0 1
24672 0 2
24673 0 3
24674 0 2
24675 0 1
24676 0 1
24677 0 4
24678 0 2
24679 0 1
24680 0 1
24681 0 1
24682 0 3
24683 0 1
24684 0 4
24685 0 2
24686 0 2
24687 0 3
24688 0 3
24689 0 2
24690 0 4
24691 0 1
24692 0 4
24693 0 6
24694 0 3
24695 0 1
24696 0 3
24697 0 1
24698 0 4
24699 0 2
24700 0 2
24702 0 3
24703 0 1
24704 0 4
24705 0 4
24706 0 2
24708 0 4
24709 0 2
24710 0 3
24712 0 3
24713 0 1
24715 0 2
24716 0 4
24717 0 2
24718 0 3
24719 0 2
24720 0 2
24724 0 1
24725 0 2
24726 0 2
24728 0 1
24730 0 2
24731 0 2
24732 0 1
24734 0 1
24735 0 2
24736 0 1
24737 0 2
24738 0 1
24739 0 2
24741 0 1
24742 0 2
24743 0 3
24746 0 2
24748 0 2
24749 0 3
24751 0 4
24753 0 1
24754 0 1
24756 0 1
24757 0 1
24762 0 2
24766 0 1
24769 0 1
24770 0 1
24771 0 1
24772 0 1
24777 0 1
24779 0 1
24781 0 2
24784 0 1
24785 0 1
24786 0 1
24787 0 1
24791 0 1
24792 0 1
24793 0 1
24795 0 1
24798 0 2
24799 0 2
24801 0 1
24809 0 2
24810 0 1
24823 0 2
24831 0 1
24837 0 1
24877 0 1
24879 0 1
24887 0 1
24898 0 1
24899 0 1
24914 0 1
24990 0 1
25005 0 5
25006 0 1
25007 0 1
25009 0 1
25011 0 1
25012 0 2
25013 0 2
25014 0 1
25015 0 1
25016 0 3
25017 0 1
25022 0 2
25024 0 1
25026 0 1
25033 0 1
25037 0 2
25040 0 1
25048 0 1
25053 0 1
25060 0 1
25089 0 1
25152 0 1
25360 0 2
25361 0 3
25362 0 1
25363 0 1
25364 0 2
25366 0 1
25367 0 3
25368 0 1
25369 0 1
25370 0 2
25371 0 1
25372 0 1
25373 0 1
25374 0 4
25375 0 1
25377 0 1
25378 0 1
25379 0 2
25380 0 2
25381 0 1
25383 0 2
25384 0 1
25385 0 2
25387 0 3
25388 0 3
25389 0 3
25391 0 4
25392 0 3
25393 0 2
25394 0 1
25395 0 3
25396 0 2
25397 0 2
25399 0 2
25401 0 1
25402 0 3
25403 0 1
25404 0 2
25405 0 3
25406 0 5
25407 0 2
25408 0 3
25409 0 3
25410 0 4
25411 0 2
25412 0 3
25413 0 1
25414 0 2
25415 0 3
25416 0 4
25417 0 3
25418 0 2
25419 0 3
25420 0 1
25421 0 1
25422 0 3
25423 0 2
25424 0 2
25427 0 2
25428 0 3
25429 0 1
25430 0 2
25432 0 3
25433 0 3
25434 0 1
25436 0 2
25437 0 3
25438 0 2
25439 0 4
25440 0 3
25441 0 4
25442 0 1
25444 0 4
25445 0 3
25446 0 2
25447 0 2
25448 0 4
25449 0 2
25450 0 2
25451 0 1
25452 0 1
25453 0 1
25454 0 2
25455 0 4
25456 0 1
25457 0 2
25458 0 4
25459 0 1
25460 0 2
25461 0 5
25462 0 3
25463 0 2
25464 0 3
25465 0 3
25466 0 3
25467 0 1
25468 0 1
25469 0 4
25470 0 5
25471 0 2
25472 0 2
25473 0 2
25474 0 1
25475 0 4
25476 0 3
25477 0 1
25478 0 1
25480 0 1
25482 0 3
25483 0 3
25484 0 3
25485 0 3
25486 0 5
25487 0 4
25488 0 3
25489 0 1
25491 0 3
25492 0 4
25493 0 2
25494 0 3
25495 0 6
25496 0 1
25498 0 2
25499 0 2
25500 0 1
25501 0 3
25502 0 4
25503 0 2
25504 0 2
25505 0 1
25506 0 2
25507 0 1
25508 0 3
25509 0 3
25510 0 2
25511 0 2
25512 0 1
25513 0 2
25514 0 4
25515 0 6
25516 0 3
25518 0 2
25519 0 4
25520 0 1
25522 0 3
25523 0 2
25524 0 3
25525 0 4
25527 0 2
25528 0 1
25529 0 1
25530 0 4
25531 0 1
25532 0 2
25533 0 1
25534 0 1
25535 0 1
25536 0 3
25537 0 1
25538 0 3
25539 0 7
25540 0 3
25541 0 4
25542 0 2
25543 0 1
25545 0 2
25546 0 3
25547 0 1
25548 0 4
25549 0 1
25550 0 3
25551 0 2
25552 0 2
25553 0 2
25554 0 1
25556 0 1
25557 0 1
25559 0 2
25560 0 2
25561 0 1
25562 0 1
25564 0 1
25565 0 1
25566 0 2
25568 0 1
25569 0 2
25570 0 1
25572 0 2
25573 0 2
25575 0 1
25576 0 1
25577 0 1
25579 0 1
25581 0 2
25587 0 1
25592 0 1
25593 0 2
25596 0 1
25601 0 1
25602 0 3
25603 0 1
25606 0 1
25610 0 2
25611 0 2
25616 0 1
25617 0 1
25618 0 1
25619 0 1
25620 0 1
25622 0 1
25624 0 1
25627 0 2
25633 0 1
25634 0 1
25647 0 2
25649 0 2
25662 0 1
25671 0 1
25673 0 1
25674 0 1
25689 0 1
25708 0 1
25710 0 1
25753 0 1
25757 0 1
25778 0 1
25825 0 1
25837 0 3
25839 0 1
25840 0 2
25841 0 2
25842 0 1
25844 0 1
25845 0 2
25846 0 1
25848 0 3
25849 0 2
25850 0 1
25853 0 1
25854 0 1
25855 0 2
25858 0 2
25860 0 1
25867 0 1
25875 0 1
25876 0 1
25922 0 1
25959 0 1
26011 0 1
26084 0 1
26114 0 1
26185 0 1
26186 0 1
26187 0 1
26189 0 1
26190 0 1
26191 0 1
26192 0 4
26193 0 1
26194 0 3
26195 0 1
26196 0 2
26200 0 3
26201 0 1
26202 0 2
26203 0 1
26205 0 1
26208 0 1
26209 0 2
26211 0 3
26212 0 2
26213 0 2
26214 0 3
26215 0 1
26217 0 2
26219 0 2
26220 0 1
26221 0 1
26222 0 1
26223 0 1
26224 0 3
26225 0 1
26226 0 4
26227 0 2
26228 0 1
26229 0 2
26230 0 1
26231 0 4
26232 0 4
26233 0 1
26234 0 2
26235 0 2
26236 0 1
26239 0 2
26240 0 1
26241 0 1
26242 0 1
26243 0 1
26244 0 1
26245 0 2
26247 0 3
26248 0 4
26249 0 1
26250 0 2
26251 0 3
26252 0 2
26253 0 1
26254 0 1
26255 0 2
26256 0 1
26257 0 1
26259 0 3
26260 0 2
26261 0 3
26263 0 1
26264 0 3
26265 0 5
26266 0 5
26267 0 3
26268 0 2
26269 0 3
26270 0 4
26272 0 5
26273 0 5
26274 0 2
26275 0 1
26276 0 2
26277 0 5
26278 0 3
26279 0 5
26280 0 1
26281 0 1
26283 0 2
26285 0 5
26286 0 2
26287 0 2
26288 0 1
26289 0 6
26290 0 1
26292 0 7
26293 0 5
26294 0 2
26295 0 5
26296 0 2
26297 0 3
26298 0 2
26299 0 1
26300 0 1
26301 0 1
26302 0 2
26303 0 2
26304 0 1
26306 0 2
26307 0 1
26308 0 4
26309 0 5
26311 0 2
26312 0 6
26314 0 3
26315 0 1
26316 0 5
26317 0 6
26318 0 3
26319 0 1
26320 0 1
26321 0 3
26322 0 3
26323 0 2
26324 0 1
26325 0 2
26326 0 2
26327 0 4
26328 0 2
26330 0 3
26331 0 3
26332 0 3
26334 0 2
26335 0 4
26336 0 1
26337 0 3
26338 0 3
26339 0 5
26341 0 5
26342 0 3
26344 0 5
26345 0 4
26346 0 6
26347 0 6
26348 0 3
26349 0 3
26350 0 1
26351 0 3
26352 0 1
26353 0 4
26354 0 4
26356 0 4
26357 0 6
26358 0 2
26359 0 2
26360 0 5
26361 0 3
26362 0 1
26363 0 5
26366 0 5
26367 0 3
26368 0 1
26369 0 4
26370 0 4
26371 0 3
26372 0 2
26373 0 5
26375 0 2
26376 0 2
26377 0 3
26378 0 3
26379 0 3
26380 0 4
26382 0 1
26383 0 2
26384 0 3
26385 0 1
26386 0 3
26388 0 2
26389 0 2
26391 0 1
26392 0 1
26394 0 1
26395 0 2
26398 0 1
26399 0 1
26401 0 2
26404 0 2
26405 0 1
26408 0 2
26409 0 2
26411 0 2
26412 0 2
26413 0 1
26415 0 1
26416 0 2
26417 0 1
26418 0 2
26427 0 1
26428 0 1
26433 0 1
26434 0 1
26436 0 1
26438 0 1
26439 0 1
26446 0 1
26448 0 1
26449 0 1
26450 0 1
26455 0 1
26456 0 2
26461 0 2
26462 0 1
26465 0 2
26468 0 2
26477 0 1
26482 0 1
26512 0 1
26516 0 2
26520 0 1
26521 0 1
26539 0 2
26554 0 1
26555 0 1
26563 0 1
26584 0 1
26622 0 1
26669 0 3
26672 0 3
26673 0 2
26676 0 1
26678 0 1
26679 0 1
26682 0 3
26683 0 2
26687 0 2
26689 0 1
26690 0 1
26691 0 1
26693 0 1
26700 0 1
26703 0 1
26706 0 1
26721 0 1
27019 0 2
27020 0 1
27021 0 1
27022 0 1
27023 0 2
27026 0 4
27027 0 2
27028 0 2
27029 0 1
27030 0 2
27031 0 2
27032 0 1
27033 0 1
27034 0 2
27035 0 1
27037 0 1
27038 0 3
27039 0 2
27040 0 5
27043 0 2
27044 0 2
27045 0 1
27046 0 1
27047 0 1
27048 0 3
27049 0 1
27050 0 1
27051 0 1
27052 0 6
27053 0 2
27054 0 1
27055 0 4
27057 0 2
27059 0 1
27060 0 2
27061 0 3
27062 0 3
27063 0 2
27064 0 2
27066 0 1
27068 0 5
27069 0 1
27070 0 5
27072 0 3
27073 0 1
27074 0 1
27075 0 2
27076 0 4
27077 0 1
27078 0 3
27079 0 7
27080 0 2
27084 0 4
27085 0 4
27086 0 2
27087 0 2
27088 0 4
27090 0 1
27091 0 2
27092 0 1
27093 0 1
27095 0 3
27097 0 2
27098 0 4
27099 0 3
27100 0 3
27101 0 4
27102 0 6
27103 0 2
27104 0 1
27105 0 3
27106 0 3
27107 0 3
27108 0 2
27109 0 1
27110 0 2
27111 0 2
27113 0 1
27114 0 4
27115 0 3
27116 0 1
27117 0 2
27118 0 3
27119 0 2
27120 0 3
27121 0 1
27122 0 2
27123 0 4
27124 0 6
27125 0 5
27126 0 2
27127 0 3
27128 0 1
27129 0 2
27130 0 1
27131 0 4
27132 0 2
27133 0 3
27134 0 3
27135 0 1
27136 0 2
27137 0 2
27138 0 4
27139 0 3
27140 0 1
27141 0 8
27142 0 3
27143 0 3
27145 0 5
27146 0 2
27147 0 3
27148 0 2
27149 0 2
27150 0 3
27151 0 2
27152 0 3
27153 0 5
27154 0 4
27155 0 4
27156 0 4
27157 0 1
27158 0 1
27159 0 5
27160 0 4
27161 0 2
27162 0 1
27163 0 3
27164 0 1
27165 0 3
27166 0 3
27167 0 1
27168 0 3
27170 0 4
27171 0 3
27172 0 2
27173 0 2
27174 0 3
27175 0 1
27176 0 3
27177 0 1
27178 0 1
27179 0 3
27180 0 1
27181 0 2
27182 0 2
27183 0 2
27184 0 2
27186 0 4
27187 0 2
27188 0 4
27189 0 3
27190 0 4
27191 0 1
27192 0 2
27193 0 5
27194 0 3
27195 0 1
27196 0 4
27197 0 3
27198 0 3
27199 0 3
27200 0 1
27201 0 2
27202 0 4
27203 0 7
27204 0 2
27205 0 5
27206 0 2
27207 0 4
27208 0 5
27209 0 1
27210 0 1
27211 0 5
27212 0 2
27214 0 1
27215 0 2
27217 0 1
27218 0 4
27220 0 4
27221 0 1
27222 0 2
27223 0 1
27224 0 3
27225 0 2
27226 0 1
27227 0 2
27229 0 1
27231 0 1
27232 0 1
27233 0 1
27235 0 1
27242 0 1
27243 0 1
27244 0 1
27246 0 1
27250 0 1
27254 0 3
27258 0 1
27264 0 1
27265 0 1
27266 0 1
27267 0 1
27269 0 1
27271 0 1
27272 0 1
27273 0 1
27278 0 1
27280 0 1
27283 0 1
27286 0 2
27287 0 1
27290 0 1
27295 0 1
27298 0 1
27301 0 1
27302 0 1
27306 0 1
27307 0 1
27308 0 1
27312 0 1
27318 0 1
27328 0 1
27330 0 2
27334 0 1
27338 0 1
27348 0 1
27361 0 1
27364 0 1
27367 0 1
27411 0 1
27506 0 2
27507 0 1
27508 0 1
27510 0 1
27511 0 2
27512 0 1
27513 0 1
27522 0 1
27524 0 2
27525 0 1
27530 0 1
27531 0 1
27532 0 1
27533 0 1
27535 0 1
27537 0 1
27538 0 1
27541 0 1
27545 0 1
27547 0 2
27554 0 1
27557 0 1
27558 0 1
27608 0 1
27615 0 1
27749 0 1
27779 0 1
27850 0 1
27851 0 1
27854 0 4
27855 0 2
27856 0 1
27857 0 1
27858 0 1
27859 0 1
27860 0 1
27863 0 1
27864 0 2
27865 0 2
27866 0 2
27867 0 2
27869 0 4
27871 0 2
27873 0 1
27874 0 4
27875 0 1
27876 0 4
27877 0 2
27878 0 2
27879 0 2
27880 0 2
27881 0 4
27883 0 1
27884 0 1
27886 0 1
27889 0 4
27890 0 4
27891 0 1
27892 0 1
27893 0 1
27894 0 4
27896 0 2
27897 0 1
27898 0 1
27900 0 3
27901 0 1
27903 0 5
27905 0 2
27906 0 5
27907 0 3
27908 0 2
27909 0 2
27910 0 3
27911 0 6
27912 0 2
27913 0 1
27914 0 3
27916 0 4
27917 0 3
27918 0 3
27919 0 1
27920 0 6
27922 0 1
27923 0 4
27924 0 1
27926 0 3
27927 0 2
27928 0 3
27929 0 3
27930 0 1
27932 0 1
27933 0 1
27934 0 3
27935 0 6
27936 0 2
27937 0 2
27938 0 2
27940 0 4
27941 0 2
27942 0 2
27943 0 1
27944 0 1
27945 0 4
27946 0 5
27947 0 3
27948 0 3
27949 0 2
27950 0 2
27951 0 4
27952 0 2
27953 0 1
27954 0 1
27955 0 3
27956 0 1
27957 0 4
27958 0 3
27959 0 3
27960 0 1
27961 0 6
27962 0 2
27963 0 3
27964 0 2
27966 0 2
27968 0 5
27969 0 3
27970 0 2
27971 0 2
27972 0 1
27973 0 2
27974 0 1
27975 0 4
27978 0 3
27979 0 2
27980 0 3
27981 0 4
27982 0 5
27983 0 5
27984 0 4
27985 0 2
27986 0 1
27987 0 2
27988 0 2
27989 0 5
27990 0 1
27992 0 2
27993 0 3
27994 0 2
27995 0 4
27996 0 1
27997 0 1
27998 0 3
27999 0 1
28000 0 3
28001 0 5
28002 0 3
28003 0 3
28004 0 2
28005 0 2
28006 0 3
28007 0 3
28008 0 1
28009 0 1
28010 0 3
28011 0 5
28012 0 4
28013 0 2
28014 0 2
28015 0 1
28016 0 2
28017 0 4
28018 0 4
28019 0 4
28020 0 7
28021 0 2
28022 0 4
28023 0 6
28024 0 1
28025 0 4
28026 0 1
28027 0 3
28028 0 6
28029 0 5
28031 0 4
28032 0 2
28033 0 5
28034 0 3
28035 0 4
28036 0 5
28037 0 3
28038 0 2
28039 0 2
28040 0 1
28041 0 3
28042 0 3
28043 0 3
28044 0 1
28045 0 1
28046 0 4
28048 0 3
28049 0 1
28050 0 1
28051 0 1
28052 0 1
28053 0 3
28054 0 1
28055 0 1
28056 0 1
28057 0 1
28058 0 1
28059 0 1
28060 0 1
28063 0 1
28064 0 1
28065 0 4
28068 0 3
28069 0 1
28070 0 1
28071 0 1
28073 0 1
28074 0 2
28076 0 1
28077 0 1
28078 0 1
28079 0 1
28081 0 2
28083 0 2
28084 0 1
28085 0 1
28087 0 4
28088 0 2
28089 0 1
28097 0 1
28098 0 1
28106 0 1
28107 0 2
28111 0 1
28113 0 1
28118 0 1
28119 0 2
28121 0 1
28122 0 1
28125 0 1
28126 0 2
28130 0 2
28132 0 1
28135 0 1
28139 0 1
28141 0 1
28142 0 2
28147 0 1
28148 0 1
28154 0 1
28155 0 1
28162 0 1
28176 0 1
28191 0 1
28195 0 1
28209 0 1
28211 0 1
28213 0 1
28215 0 1
28234 0 1
28248 0 1
28249 0 1
28271 0 1
28278 0 1
28283 0 1
28306 0 1
28338 0 2
28339 0 3
28340 0 4
28341 0 1
28342 0 1
28343 0 3
28346 0 2
28347 0 1
28349 0 2
28350 0 2
28352 0 1
28353 0 1
28354 0 1
28355 0 1
28359 0 1
28362 0 1
28365 0 1
28366 0 1
28368 0 1
28385 0 1
28390 0 1
28557 0 1
28681 0 2
28683 0 2
28684 0 1
28685 0 2
28686 0 1
28688 0 2
28689 0 2
28690 0 2
28691 0 1
28692 0 2
28695 0 1
28696 0 3
28697 0 4
28698 0 1
28699 0 1
28700 0 4
28702 0 4
28704 0 1
28705 0 1
28709 0 1
28710 0 1
28711 0 2
28712 0 1
28714 0 1
28715 0 2
28716 0 2
28717 0 1
28718 0 3
28719 0 1
28720 0 4
28721 0 1
28723 0 2
28724 0 3
28725 0 2
28726 0 2
28727 0 2
28728 0 1
28730 0 1
28731 0 4
28732 0 1
28733 0 3
28734 0 2
28736 0 2
28737 0 4
28738 0 3
28740 0 5
28741 0 1
28742 0 5
28743 0 2
28744 0 5
28745 0 1
28746 0 2
28747 0 2
28748 0 1
28749 0 4
28750 0 3
28751 0 4
28753 0 4
28754 0 1
28755 0 4
28756 0 2
28757 0 4
28758 0 2
28759 0 4
28760 0 3
28761 0 2
28762 0 3
28763 0 2
28764 0 2
28765 0 3
28766 0 2
28768 0 3
28769 0 1
28770 0 1
28771 0 1
28772 0 2
28773 0 2
28774 0 2
28775 0 1
28776 0 2
28777 0 5
28778 0 1
28779 0 2
28780 0 3
28781 0 4
28782 0 1
28783 0 3
28784 0 1
28786 0 3
28787 0 2
28788 0 3
28789 0 1
28790 0 3
28791 0 5
28792 0 2
28793 0 5
28794 0 2
28795 0 2
28796 0 2
28797 0 1
28798 0 4
28799 0 2
28800 0 1
28802 0 1
28803 0 1
28805 0 2
28806 0 3
28807 0 2
28808 0 3
28810 0 1
28811 0 3
28812 0 3
28813 0 3
28814 0 2
28816 0 2
28817 0 5
28818 0 3
28819 0 2
28820 0 1
28821 0 2
28822 0 3
28823 0 3
28824 0 4
28825 0 3
28826 0 2
28827 0 1
28828 0 2
28829 0 1
28830 0 3
28831 0 3
28832 0 3
28833 0 1
28834 0 1
28835 0 1
28836 0 1
28837 0 1
28838 0 6
28840 0 1
28841 0 2
28842 0 2
28843 0 2
28844 0 3
28845 0 4
28846 0 2
28847 0 3
28848 0 1
28849 0 4
28850 0 4
28851 0 1
28853 0 3
28854 0 1
28855 0 3
28856 0 3
28857 0 2
28858 0 2
28859 0 2
28860 0 5
28861 0 3
28862 0 1
28863 0 7
28864 0 3
28865 0 4
28866 0 3
28867 0 3
28868 0 4
28869 0 3
28870 0 3
28871 0 3
28872 0 2
28873 0 1
28875 0 3
28877 0 2
28878 0 2
28879 0 2
28881 0 2
28882 0 2
28884 0 1
28885 0 1
28886 0 1
28887 0 1
28888 0 1
28889 0 2
28890 0 2
28892 0 3
28894 0 3
28895 0 1
28896 0 2
28897 0 2
28898 0 1
28902 0 1
28903 0 1
28905 0 2
28910 0 1
28914 0 1
28915 0 1
28918 0 1
28919 0 1
28921 0 1
28925 0 2
28929 0 2
28930 0 1
28934 0 1
28935 0 1
28940 0 1
28942 0 1
28947 0 1
28948 0 1
28954 0 1
28957 0 2
28966 0 1
28978 0 1
28983 0 1
28990 0 1
28993 0 1
29008 0 1
29019 0 1
29021 0 1
29029 0 1
29030 0 1
29055 0 1
29085 0 1
29099 0 1
29129 0 1
29138 0 1
29162 0 1
29165 0 4
29168 0 3
29169 0 3
29170 0 1
29171 0 1
29172 0 3
29174 0 1
29177 0 2
29178 0 1
29180 0 1
29181 0 1
29183 0 1
29184 0 1
29189 0 2
29191 0 2
29193 0 1
29194 0 1
29199 0 1
29201 0 1
29206 0 1
29224 0 1
29227 0 1
29338 0 1
29391 0 1
29515 0 1
29516 0 1
29517 0 1
29520 0 2
29522 0 1
29524 0 2
29527 0 5
29529 0 1
29530 0 2
29531 0 1
29533 0 1
29534 0 2
29535 0 2
29536 0 1
29537 0 3
29538 0 3
29539 0 2
29540 0 3
29541 0 2
29542 0 1
29543 0 1
29544 0 2
29545 0 2
29546 0 5
29547 0 2
29548 0 3
29549 0 3
29550 0 1
29551 0 3
29552 0 2
29553 0 2
29554 0 1
29555 0 4
29556 0 1
29558 0 2
29559 0 1
29560 0 2
29562 0 2
29563 0 3
29564 0 4
29566 0 2
29568 0 4
29569 0 2
29570 0 1
29571 0 1
29572 0 4
29573 0 3
29574 0 2
29575 0 2
29576 0 3
29577 0 6
29578 0 2
29579 0 1
29580 0 1
29581 0 3
29582 0 1
29583 0 3
29584 0 2
29585 0 4
29586 0 1
29587 0 1
29588 0 1
29589 0 1
29590 0 1
29591 0 2
29592 0 6
29593 0 1
29594 0 4
29595 0 6
29596 0 4
29597 0 1
29598 0 3
29599 0 3
29600 0 2
29601 0 4
29602 0 1
29603 0 1
29604 0 4
29605 0 2
29606 0 3
29607 0 3
29608 0 3
29609 0 4
29610 0 2
29611 0 4
29612 0 2
29613 0 1
29614 0 2
29616 0 5
29617 0 1
29618 0 1
29619 0 2
29620 0 2
29621 0 6
29622 0 3
29624 0 4
29625 0 1
29627 0 1
29629 0 2
29631 0 3
29633 0 5
29634 0 1
29635 0 5
29636 0 7
29637 0 4
29638 0 6
29639 0 2
29640 0 3
29641 0 2
29642 0 2
29643 0 2
29644 0 1
29645 0 1
29646 0 1
29647 0 2
29648 0 1
29650 0 2
29652 0 2
29653 0 2
29654 0 2
29655 0 2
29656 0 1
29658 0 5
29659 0 3
29660 0 1
29662 0 1
29663 0 3
29664 0 4
29665 0 4
29666 0 1
29667 0 4
29669 0 1
29670 0 4
29671 0 2
29672 0 1
29673 0 4
29674 0 7
29675 0 1
29676 0 3
29677 0 3
29678 0 2
29679 0 1
29680 0 1
29681 0 6
29682 0 1
29683 0 4
29685 0 1
29686 0 3
29687 0 3
29688 0 1
29689 0 4
29690 0 2
29692 0 5
29693 0 1
29694 0 1
29695 0 1
29696 0 4
29697 0 4
29698 0 2
29699 0 2
29700 0 4
29701 0 2
29702 0 2
29703 0 5
29704 0 3
29705 0 3
29706 0 3
29707 0 1
29708 0 1
29709 0 1
29710 0 1
29711 0 2
29712 0 2
29714 0 2
29715 0 1
29716 0 2
29717 0 2
29719 0 3
29720 0 2
29721 0 1
29722 0 1
29723 0 2
29724 0 3
29726 0 3
29727 0 3
29729 0 3
29731 0 1
29732 0 2
29734 0 3
29735 0 1
29737 0 1
29738 0 1
29739 0 2
29741 0 2
29742 0 1
29743 0 1
29746 0 1
29747 0 2
29748 0 1
29750 0 1
29758 0 2
29762 0 2
29764 0 1
29767 0 1
29769 0 1
29771 0 1
29773 0 1
29778 0 1
29781 0 1
29782 0 1
29786 0 1
29788 0 1
29789 0 1
29794 0 1
29798 0 1
29799 0 1
29808 0 1
29809 0 1
29816 0 1
29817 0 1
29822 0 2
29823 0 2
29837 0 1
29849 0 1
29855 0 1
29859 0 1
29878 0 1
29900 0 1
29997 0 2
29999 0 1
30000 0 2
30001 0 1
30002 0 2
30003 0 2
30004 0 1
30006 0 1
30007 0 1
30008 0 2
30009 0 4
30010 0 1
30013 0 2
30015 0 1
30016 0 1
30017 0 3
30018 0 1
30020 0 1
30022 0 1
30025 0 1
30027 0 1
30029 0 1
30030 0 1
30032 0 1
30035 0 2
30050 0 1
30058 0 2
30059 0 1
30141 0 1
30221 0 1
30273 0 1
30347 0 1
30349 0 1
30351 0 1
30352 0 1
30353 0 1
30355 0 2
30356 0 1
30357 0 5
30358 0 1
30360 0 2
30361 0 3
30362 0 3
30363 0 2
30364 0 1
30365 0 1
30366 0 4
30369 0 3
30370 0 1
30373 0 3
30374 0 1
30375 0 1
30376 0 2
30379 0 2
30380 0 1
30381 0 4
30382 0 2
30383 0 2
30384 0 1
30386 0 2
30388 0 3
30389 0 2
30390 0 3
30391 0 2
30392 0 1
30393 0 1
30395 0 4
30396 0 4
30397 0 1
30398 0 7
30399 0 1
30400 0 1
30401 0 4
30403 0 3
30405 0 2
30406 0 3
30407 0 3
30408 0 2
30409 0 3
30410 0 3
30411 0 4
30412 0 4
30413 0 3
30414 0 2
30415 0 1
30416 0 2
30417 0 2
30418 0 2
30419 0 2
30420 0 4
30421 0 2
30423 0 4
30424 0 4
30425 0 2
30426 0 2
30427 0 3
30428 0 4
30429 0 2
30431 0 5
30432 0 2
30433 0 3
30434 0 2
30435 0 5
30436 0 3
30437 0 1
30438 0 3
30439 0 1
30440 0 1
30442 0 1
30444 0 3
30445 0 2
30446 0 2
30447 0 4
30449 0 2
30450 0 2
30451 0 2
30452 0 4
30453 0 1
30454 0 3
30455 0 3
30456 0 1
30458 0 2
30459 0 2
30460 0 1
30461 0 3
30462 0 1
30463 0 2
30464 0 2
30466 0 4
30467 0 4
30468 0 6
30469 0 5
30470 0 4
30472 0 5
30473 0 6
30475 0 5
30476 0 2
30477 0 1
30478 0 1
30479 0 3
30480 0 2
30481 0 7
30482 0 1
30484 0 1
30485 0 1
30486 0 4
30487 0 1
30488 0 3
30489 0 1
30490 0 4
30491 0 2
30494 0 2
30495 0 1
30496 0 1
30497 0 2
30498 0 2
30499 0 2
30500 0 2
30501 0 2
30502 0 1
30503 0 3
30504 0 3
30506 0 1
30508 0 3
30509 0 3
30510 0 5
30511 0 3
30512 0 3
30513 0 2
30514 0 5
30515 0 2
30516 0 4
30517 0 4
30518 0 2
30519 0 2
30521 0 1
30522 0 2
30523 0 1
30524 0 4
30525 0 3
30526 0 2
30527 0 4
30528 0 1
30529 0 2
30530 0 4
30531 0 3
30532 0 2
30533 0 1
30535 0 3
30536 0 2
30537 0 1
30538 0 3
30539 0 1
30540 0 2
30541 0 1
30542 0 2
30544 0 1
30545 0 2
30546 0 4
30547 0 2
30548 0 3
30549 0 4
30550 0 1
30551 0 1
30552 0 3
30554 0 1
30555 0 1
30556 0 1
30559 0 1
30560 0 1
30561 0 2
30563 0 3
30565 0 3
30566 0 1
30567 0 2
30568 0 3
30569 0 1
30570 0 1
30571 0 1
30576 0 1
30577 0 1
30578 0 2
30579 0 1
30581 0 1
30582 0 1
30585 0 2
30586 0 2
30588 0 3
30591 0 1
30594 0 3
30595 0 1
30597 0 1
30601 0 1
30605 0 1
30608 0 1
30611 0 1
30615 0 1
30616 0 1
30619 0 1
30622 0 1
30624 0 1
30630 0 1
30631 0 1
30636 0 1
30656 0 1
30668 0 1
30674 0 1
30679 0 1
30683 0 1
30694 0 1
30703 0 2
30712 0 1
30718 0 1
30725 0 1
30744 0 1
30765 0 1
30769 0 1
30816 0 1
30829 0 2
30832 0 1
30833 0 1
30835 0 3
30836 0 1
30838 0 1
30839 0 1
30840 0 1
30842 0 1
30844 0 1
30846 0 2
30849 0 1
30850 0 1
30853 0 1
30855 0 1
30861 0 1
30862 0 1
30863 0 2
30865 0 1
30873 0 1
31182 0 1
31183 0 1
31184 0 2
31185 0 1
31187 0 1
31189 0 1
31190 0 2
31191 0 1
31192 0 3
31193 0 2
31194 0 1
31196 0 2
31197 0 1
31198 0 1
31199 0 1
31200 0 3
31201 0 1
31202 0 2
31203 0 2
31204 0 2
31205 0 4
31206 0 2
31207 0 1
31208 0 1
31209 0 1
31210 0 2
31211 0 2
31212 0 4
31213 0 1
31215 0 2
31216 0 2
31217 0 2
31218 0 3
31219 0 2
31220 0 2
31221 0 1
31222 0 3
31223 0 3
31224 0 2
31225 0 1
31226 0 2
31227 0 1
31228 0 3
31229 0 4
31230 0 3
31231 0 1
31232 0 1
31233 0 2
31234 0 3
31236 0 2
31237 0 2
31238 0 2
31239 0 5
31240 0 4
31241 0 3
31242 0 1
31243 0 1
31244 0 2
31246 0 1
31247 0 3
31249 0 2
31250 0 2
31251 0 2
31252 0 3
31253 0 2
31254 0 2
31255 0 1
31256 0 5
31257 0 1
31258 0 4
31259 0 8
31260 0 2
31261 0 3
31262 0 2
31264 0 1
31265 0 4
31266 0 1
31267 0 3
31268 0 1
31269 0 2
31270 0 3
31271 0 2
31272 0 2
31274 0 2
31275 0 1
31276 0 2
31278 0 1
31279 0 2
31280 0 3
31281 0 3
31282 0 1
31283 0 1
31284 0 2
31285 0 3
31286 0 2
31287 0 3
31288 0 5
31289 0 1
31290 0 3
31291 0 1
31292 0 3
31293 0 3
31294 0 4
31295 0 3
31296 0 3
31297 0 3
31298 0 2
31299 0 4
31300 0 1
31301 0 1
31302 0 4
31303 0 4
31304 0 1
31305 0 1
31306 0 3
31307 0 2
31308 0 2
31309 0 2
31310 0 2
31311 0 2
31312 0 2
31313 0 3
31314 0 1
31315 0 3
31316 0 2
31317 0 2
31318 0 2
31319 0 2
31320 0 2
31321 0 3
31322 0 3
31323 0 4
31324 0 1
31325 0 2
31326 0 3
31327 0 2
31328 0 2
31329 0 3
31330 0 2
31331 0 2
31333 0 1
31334 0 5
31335 0 3
31336 0 2
31337 0 4
31338 0 2
31339 0 7
31340 0 3
31342 0 2
31343 0 4
31344 0 1
31345 0 1
31346 0 3
31347 0 2
31348 0 1
31349 0 2
31350 0 3
31352 0 2
31354 0 2
31355 0 4
31357 0 3
31358 0 4
31359 0 1
31360 0 3
31362 0 4
31363 0 1
31364 0 3
31365 0 2
31366 0 2
31367 0 3
31368 0 2
31369 0 1
31370 0 1
31371 0 1
31372 0 2
31374 0 2
31375 0 3
31376 0 2
31377 0 1
31378 0 3
31379 0 1
31380 0 1
31382 0 3
31383 0 2
31384 0 1
31385 0 4
31387 0 2
31389 0 2
31390 0 1
31391 0 1
31393 0 2
31394 0 1
31395 0 1
31396 0 1
31400 0 1
31401 0 1
31402 0 1
31404 0 2
31405 0 1
31406 0 2
31407 0 1
31409 0 1
31410 0 1
31411 0 1
31415 0 3
31417 0 1
31419 0 2
31422 0 2
31424 0 1
31426 0 1
31430 0 1
31435 0 1
31438 0 1
31440 0 2
31444 0 1
31447 0 1
31448 0 1
31450 0 1
31455 0 1
31457 0 1
31459 0 1
31462 0 3
31463 0 1
31465 0 1
31466 0 2
31467 0 1
31470 0 1
31476 0 1
31477 0 1
31483 0 1
31495 0 1
31500 0 1
31509 0 1
31516 0 1
31532 0 1
31535 0 1
31572 0 1
31573 0 1
31661 0 5
31663 0 1
31664 0 1
31665 0 2
31666 0 1
31667 0 1
31668 0 2
31669 0 1
31670 0 1
31671 0 1
31672 0 3
31673 0 1
31675 0 2
31676 0 1
31678 0 2
31681 0 2
31683 0 1
31687 0 1
31688 0 1
31690 0 1
31691 0 1
31701 0 1
31727 0 1
32010 0 1
32011 0 1
32014 0 1
32015 0 1
32016 0 2
32017 0 2
32018 0 1
32019 0 2
32022 0 2
32023 0 1
32024 0 1
32025 0 3
32027 0 2
32029 0 1
32030 0 3
32031 0 6
32032 0 1
32033 0 2
32034 0 2
32035 0 3
32036 0 3
32037 0 1
32039 0 6
32040 0 2
32042 0 5
32043 0 1
32044 0 2
32045 0 1
32046 0 1
32047 0 4
32049 0 1
32051 0 6
32054 0 2
32055 0 5
32056 0 1
32057 0 3
32058 0 2
32059 0 4
32060 0 1
32061 0 2
32062 0 2
32063 0 1
32064 0 4
32065 0 3
32066 0 2
32067 0 4
32068 0 3
32069 0 1
32070 0 2
32071 0 4
32072 0 1
32073 0 1
32074 0 5
32075 0 1
32076 0 5
32077 0 5
32079 0 1
32080 0 2
32081 0 4
32082 0 2
32083 0 4
32084 0 3
32086 0 5
32087 0 3
32088 0 1
32089 0 1
32091 0 1
32092 0 5
32093 0 3
32094 0 3
32095 0 3
32096 0 1
32097 0 2
32098 0 2
32099 0 3
32100 0 3
32102 0 3
32104 0 5
32105 0 3
32106 0 4
32107 0 3
32108 0 2
32109 0 4
32110 0 2
32111 0 4
32112 0 2
32113 0 3
32114 0 2
32115 0 1
32116 0 3
32117 0 2
32118 0 2
32119 0 3
32120 0 1
32121 0 5
32122 0 1
32123 0 1
32124 0 3
32125 0 1
32126 0 1
32127 0 3
32128 0 4
32129 0 4
32130 0 3
32131 0 1
32132 0 1
32135 0 2
32136 0 3
32137 0 2
32139 0 1
32140 0 1
32141 0 3
32142 0 1
32143 0 2
32144 0 2
32145 0 1
32146 0 5
32148 0 2
32149 0 5
32150 0 2
32151 0 4
32152 0 1
32153 0 2
32154 0 2
32155 0 3
32156 0 2
32158 0 4
32159 0 1
32160 0 1
32161 0 1
32163 0 2
32164 0 2
32165 0 1
32167 0 1
32168 0 4
32169 0 1
32170 0 3
32171 0 3
32172 0 1
32173 0 2
32174 0 3
32176 0 2
32177 0 1
32178 0 3
32179 0 1
32180 0 4
32181 0 2
32182 0 3
32184 0 6
32185 0 5
32186 0 1
32187 0 2
32188 0 1
32189 0 1
32190 0 2
32191 0 4
32192 0 1
32193 0 3
32194 0 4
32195 0 3
32197 0 5
32198 0 1
32199 0 3
32200 0 1
32201 0 4
32202 0 2
32203 0 3
32204 0 2
32205 0 1
32206 0 1
32207 0 4
32208 0 1
32209 0 1
32211 0 1
32214 0 1
32216 0 3
32218 0 1
32219 0 2
32220 0 3
32222 0 2
32223 0 1
32225 0 1
32227 0 1
32228 0 4
32229 0 1
32231 0 1
32232 0 2
32233 0 2
32235 0 1
32239 0 2
32240 0 3
32243 0 1
32245 0 1
32250 0 1
32251 0 1
32252 0 1
32253 0 1
32257 0 1
32263 0 1
32264 0 1
32265 0 2
32266 0 1
32267 0 1
32270 0 1
32272 0 1
32273 0 2
32274 0 1
32275 0 1
32276 0 1
32278 0 1
32279 0 1
32282 0 1
32284 0 1
32289 0 2
32297 0 1
32298 0 1
32300 0 1
32301 0 1
32309 0 1
32312 0 1
32319 0 1
32333 0 1
32338 0 1
32340 0 1
32344 0 1
32356 0 2
32377 0 1
32385 0 1
32459 0 1
32493 0 3
32494 0 1
32497 0 1
32499 0 3
32500 0 1
32501 0 1
32502 0 1
32503 0 1
32504 0 2
32516 0 1
32518 0 3
32521 0 1
32522 0 1
32526 0 1
32528 0 1
32530 0 1
32545 0 1
32551 0 1
32613 0 1
32643 0 1
32717 0 2
32718 0 2
32730 0 1
